date,open,high,low,close,volume,dividends,split_ratio
2017-11-29 00:00:00+00:00,18.656572341918945,18.656572341918945,18.656572341918945,18.656572341918945,100.0,0.0,0
2017-11-30 00:00:00+00:00,18.656572341918945,18.656572341918945,18.656572341918945,18.656572341918945,0.0,0.0,0
2017-12-01 00:00:00+00:00,18.647340774536133,18.647340774536133,18.647340774536133,18.647340774536133,1000.0,0.0,0
2017-12-04 00:00:00+00:00,18.555030993704168,18.555030993704168,18.462717056274414,18.462717056274414,3400.0,0.0,0
2017-12-05 00:00:00+00:00,18.462717056274414,18.462717056274414,18.462717056274414,18.462717056274414,0.0,0.0,0
2017-12-06 00:00:00+00:00,18.462717056274414,18.462717056274414,18.462717056274414,18.462717056274414,0.0,0.0,0
2017-12-07 00:00:00+00:00,18.462717056274414,18.462717056274414,18.462717056274414,18.462717056274414,0.0,0.0,0
2017-12-08 00:00:00+00:00,18.545795440673828,18.545795440673828,18.545795440673828,18.545795440673828,100.0,0.0,0
2017-12-11 00:00:00+00:00,18.545795440673828,18.545795440673828,18.545795440673828,18.545795440673828,0.0,0.0,0
2017-12-12 00:00:00+00:00,18.564260482788086,18.564260482788086,18.564260482788086,18.564260482788086,300.0,0.0,0
2017-12-13 00:00:00+00:00,18.564260482788086,18.564260482788086,18.564260482788086,18.564260482788086,0.0,0.0,0
2017-12-14 00:00:00+00:00,18.564260482788086,18.564260482788086,18.564260482788086,18.564260482788086,100.0,0.0,0
2017-12-15 00:00:00+00:00,18.564260482788086,18.564260482788086,18.564260482788086,18.564260482788086,0.0,0.0,0
2017-12-18 00:00:00+00:00,18.57811737060547,18.57811737060547,18.57811737060547,18.57811737060547,0.0,0.015,0
2017-12-19 00:00:00+00:00,18.57811737060547,18.57811737060547,18.57811737060547,18.57811737060547,0.0,0.0,0
2017-12-20 00:00:00+00:00,18.57811737060547,18.57811737060547,18.57811737060547,18.57811737060547,0.0,0.0,0
2017-12-21 00:00:00+00:00,18.57811737060547,18.57811737060547,18.57811737060547,18.57811737060547,0.0,0.0,0
2017-12-22 00:00:00+00:00,18.57811737060547,18.57811737060547,18.57811737060547,18.57811737060547,0.0,0.0,0
2017-12-27 00:00:00+00:00,18.57811737060547,18.57811737060547,18.57811737060547,18.57811737060547,0.0,0.0,0
2017-12-28 00:00:00+00:00,18.57811737060547,18.57811737060547,18.57811737060547,18.57811737060547,0.0,0.0,0
2017-12-29 00:00:00+00:00,18.57811737060547,18.57811737060547,18.57811737060547,18.57811737060547,0.0,0.0,0
2018-01-02 00:00:00+00:00,18.57811737060547,18.57811737060547,18.57811737060547,18.57811737060547,0.0,0.0,0
2018-01-03 00:00:00+00:00,18.57811737060547,18.57811737060547,18.57811737060547,18.57811737060547,0.0,0.0,0
2018-01-04 00:00:00+00:00,18.57811737060547,18.57811737060547,18.57811737060547,18.57811737060547,0.0,0.0,0
2018-01-05 00:00:00+00:00,18.73516845703125,18.73516845703125,18.73516845703125,18.73516845703125,100.0,0.0,0
2018-01-08 00:00:00+00:00,18.73516845703125,18.73516845703125,18.73516845703125,18.73516845703125,0.0,0.0,0
2018-01-09 00:00:00+00:00,18.73516845703125,18.73516845703125,18.73516845703125,18.73516845703125,0.0,0.0,0
2018-01-10 00:00:00+00:00,18.73516845703125,18.73516845703125,18.73516845703125,18.73516845703125,0.0,0.0,0
2018-01-11 00:00:00+00:00,18.781354904174805,18.781354904174805,18.781354904174805,18.781354904174805,400.0,0.0,0
2018-01-12 00:00:00+00:00,18.781354904174805,18.781354904174805,18.781354904174805,18.781354904174805,0.0,0.0,0
2018-01-15 00:00:00+00:00,18.781354904174805,18.781354904174805,18.781354904174805,18.781354904174805,0.0,0.0,0
2018-01-16 00:00:00+00:00,18.753643035888672,18.753643035888672,18.753643035888672,18.753643035888672,200.0,0.0,0
2018-01-17 00:00:00+00:00,18.753643035888672,18.753643035888672,18.753643035888672,18.753643035888672,0.0,0.0,0
2018-01-18 00:00:00+00:00,18.753643035888672,18.753643035888672,18.753643035888672,18.753643035888672,0.0,0.0,0
2018-01-19 00:00:00+00:00,18.8922176361084,18.8922176361084,18.8922176361084,18.8922176361084,200.0,0.0,0
2018-01-22 00:00:00+00:00,19.095458984375004,19.095458984375004,19.095458984375004,19.095458984375,200.0,0.0,0
2018-01-23 00:00:00+00:00,19.095458984375004,19.095458984375004,19.095458984375004,19.095458984375,0.0,0.0,0
2018-01-24 00:00:00+00:00,19.012311935424805,19.012311935424805,19.012311935424805,19.012311935424805,100.0,0.0,0
2018-01-25 00:00:00+00:00,19.012311935424805,19.012311935424805,19.012311935424805,19.012311935424805,0.0,0.0,0
2018-01-26 00:00:00+00:00,19.049268880823433,19.076982498168945,19.049268880823433,19.076982498168945,19000.0,0.0,0
2018-01-29 00:00:00+00:00,19.076982498168945,19.076982498168945,19.076982498168945,19.076982498168945,0.0,0.0,0
2018-01-30 00:00:00+00:00,18.855263766504493,18.855263766504493,18.81831169128418,18.81831169128418,13000.0,0.0,0
2018-01-31 00:00:00+00:00,18.86450355740376,18.882980477346113,18.836788177490234,18.836788177490234,14500.0,0.0,0
2018-02-01 00:00:00+00:00,18.81831286174915,18.81831286174915,18.80907440185547,18.80907440185547,10700.0,0.0,0
2018-02-02 00:00:00+00:00,18.670499801635742,18.670499801635742,18.670499801635742,18.670499801635742,12500.0,0.0,0
2018-02-05 00:00:00+00:00,18.670499801635742,18.670499801635742,18.670499801635742,18.670499801635742,0.0,0.0,0
2018-02-06 00:00:00+00:00,18.310207700415862,18.411828994750977,18.310207700415862,18.411828994750977,400.0,0.0,0
2018-02-07 00:00:00+00:00,18.411828994750977,18.411828994750977,18.411828994750977,18.411828994750977,0.0,0.0,0
2018-02-08 00:00:00+00:00,18.411828994750977,18.411828994750977,18.411828994750977,18.411828994750977,0.0,0.0,0
2018-02-09 00:00:00+00:00,18.411828994750977,18.411828994750977,18.411828994750977,18.411828994750977,0.0,0.0,0
2018-02-12 00:00:00+00:00,18.411828994750977,18.411828994750977,18.411828994750977,18.411828994750977,0.0,0.0,0
2018-02-13 00:00:00+00:00,18.411828994750977,18.411828994750977,18.411828994750977,18.411828994750977,0.0,0.0,0
2018-02-14 00:00:00+00:00,18.411828994750977,18.411828994750977,18.411828994750977,18.411828994750977,0.0,0.0,0
2018-02-15 00:00:00+00:00,18.337923786675876,18.3471622467041,18.337923786675876,18.3471622467041,2300.0,0.0,0
2018-02-16 00:00:00+00:00,18.3471622467041,18.3471622467041,18.3471622467041,18.3471622467041,0.0,0.0,0
2018-02-20 00:00:00+00:00,18.3471622467041,18.3471622467041,18.3471622467041,18.3471622467041,0.0,0.0,0
2018-02-21 00:00:00+00:00,18.439542770385742,18.439542770385742,18.439542770385742,18.439542770385742,100.0,0.0,0
2018-02-22 00:00:00+00:00,18.439542770385742,18.439542770385742,18.439542770385742,18.439542770385742,0.0,0.0,0
2018-02-23 00:00:00+00:00,18.550403594970703,18.550403594970703,18.550403594970703,18.550403594970703,1000.0,0.0,0
2018-02-26 00:00:00+00:00,18.615068004334702,18.633544921875,18.615068004334702,18.633544921875,1000.0,0.0,0
2018-02-27 00:00:00+00:00,18.531925780179204,18.531925780179204,18.513450622558594,18.513450622558594,600.0,0.0,0
2018-02-28 00:00:00+00:00,18.541162022571406,18.541162022571406,18.485733032226562,18.485733032226562,2600.0,0.0,0
2018-03-01 00:00:00+00:00,18.42106671657739,18.467257251030844,18.365635960766113,18.402589797973633,5900.0,0.0,0
2018-03-02 00:00:00+00:00,18.27325303759935,18.47649383544922,18.27325303759935,18.47649383544922,900.0,0.0,0
2018-03-05 00:00:00+00:00,18.522687807003315,18.642786026000977,18.522687807003315,18.642786026000977,5700.0,0.0,0
2018-03-06 00:00:00+00:00,18.661261774930914,18.661261774930914,18.652023315429688,18.652023315429688,800.0,0.0,0
2018-03-07 00:00:00+00:00,18.64278485592846,18.652023315429688,18.64278485592846,18.652023315429688,5100.0,0.0,0
2018-03-08 00:00:00+00:00,18.670499801635742,18.670499801635742,18.670499801635742,18.670499801635742,1200.0,0.0,0
2018-03-09 00:00:00+00:00,18.642786026000977,18.642786026000977,18.642786026000977,18.642786026000977,200.0,0.0,0
2018-03-12 00:00:00+00:00,18.642786026000977,18.642786026000977,18.642786026000977,18.642786026000977,0.0,0.0,0
2018-03-13 00:00:00+00:00,18.790597915649414,18.790597915649414,18.790597915649414,18.790597915649414,100.0,0.0,0
2018-03-14 00:00:00+00:00,18.790597915649414,18.790597915649414,18.790597915649414,18.790597915649414,500.0,0.0,0
2018-03-15 00:00:00+00:00,18.836788177490234,18.836788177490234,18.836788177490234,18.836788177490234,100.0,0.0,0
2018-03-16 00:00:00+00:00,18.864503860473633,18.864503860473633,18.864503860473633,18.864503860473633,500.0,0.0,0
2018-03-19 00:00:00+00:00,18.864503860473633,18.864503860473633,18.864503860473633,18.864503860473633,0.0,0.0,0
2018-03-20 00:00:00+00:00,18.753643035888672,18.753643035888672,18.753643035888672,18.753643035888672,7000.0,0.0,0
2018-03-21 00:00:00+00:00,18.716690496002588,18.716690496002588,18.698213577270508,18.698213577270508,300.0,0.0,0
2018-03-22 00:00:00+00:00,18.54116439819336,18.54116439819336,18.54116439819336,18.54116439819336,400.0,0.0,0
2018-03-23 00:00:00+00:00,18.54116439819336,18.54116439819336,18.54116439819336,18.54116439819336,0.0,0.0,0
2018-03-26 00:00:00+00:00,18.485733032226562,18.485733032226562,18.485733032226562,18.485733032226562,400.0,0.0,0
2018-03-27 00:00:00+00:00,18.448780059814453,18.448780059814453,18.448780059814453,18.448780059814453,100.0,0.0,0
2018-03-28 00:00:00+00:00,18.448780059814453,18.448780059814453,18.448780059814453,18.448780059814453,0.0,0.0,0
2018-03-29 00:00:00+00:00,18.448780059814453,18.448780059814453,18.448780059814453,18.448780059814453,0.0,0.0,0
2018-04-02 00:00:00+00:00,18.411828994750977,18.411828994750977,18.411828994750977,18.411828994750977,200.0,0.0,0
2018-04-03 00:00:00+00:00,18.319448471069336,18.319448471069336,18.319448471069336,18.319448471069336,100.0,0.0,0
2018-04-04 00:00:00+00:00,18.356401443481445,18.356401443481445,18.356401443481445,18.356401443481445,500.0,0.0,0
2018-04-05 00:00:00+00:00,18.411828994750977,18.411828994750977,18.411828994750977,18.411828994750977,100.0,0.0,0
2018-04-06 00:00:00+00:00,18.411828994750977,18.411828994750977,18.411828994750977,18.411828994750977,0.0,0.0,0
2018-04-09 00:00:00+00:00,18.411828994750977,18.411828994750977,18.411828994750977,18.411828994750977,0.0,0.0,0
2018-04-10 00:00:00+00:00,18.411828994750977,18.411828994750977,18.411828994750977,18.411828994750977,0.0,0.0,0
2018-04-11 00:00:00+00:00,18.411828994750977,18.411828994750977,18.411828994750977,18.411828994750977,0.0,0.0,0
2018-04-12 00:00:00+00:00,18.411828994750977,18.411828994750977,18.411828994750977,18.411828994750977,0.0,0.0,0
2018-04-13 00:00:00+00:00,18.411828994750977,18.411828994750977,18.411828994750977,18.411828994750977,0.0,0.0,0
2018-04-16 00:00:00+00:00,18.36563491821289,18.36563491821289,18.36563491821289,18.36563491821289,400.0,0.0,0
2018-04-17 00:00:00+00:00,18.411828994750977,18.411828994750977,18.411828994750977,18.411828994750977,100.0,0.0,0
2018-04-18 00:00:00+00:00,18.411828994750977,18.411828994750977,18.411828994750977,18.411828994750977,0.0,0.0,0
2018-04-19 00:00:00+00:00,18.476496175660895,18.476496175660895,18.458019256591797,18.458019256591797,2700.0,0.0,0
2018-04-20 00:00:00+00:00,18.458019256591797,18.458019256591797,18.458019256591797,18.458019256591797,2000.0,0.0,0
2018-04-23 00:00:00+00:00,18.485733032226562,18.485733032226562,18.485733032226562,18.485733032226562,300.0,0.0,0
2018-04-24 00:00:00+00:00,18.485733032226562,18.485733032226562,18.485733032226562,18.485733032226562,0.0,0.0,0
2018-04-25 00:00:00+00:00,18.384111404418945,18.384111404418945,18.384111404418945,18.384111404418945,700.0,0.0,0
2018-04-26 00:00:00+00:00,18.384111404418945,18.384111404418945,18.384111404418945,18.384111404418945,0.0,0.0,0
2018-04-27 00:00:00+00:00,18.513450622558594,18.513450622558594,18.513450622558594,18.513450622558594,1000.0,0.0,0
2018-04-30 00:00:00+00:00,18.513450622558594,18.513450622558594,18.513450622558594,18.513450622558594,0.0,0.0,0
2018-05-01 00:00:00+00:00,18.384111404418945,18.384111404418945,18.384111404418945,18.384111404418945,800.0,0.0,0
2018-05-02 00:00:00+00:00,18.411828994750977,18.411828994750977,18.411828994750977,18.411828994750977,4000.0,0.0,0
2018-05-03 00:00:00+00:00,18.374875891320364,18.43030665156991,18.374875891320364,18.42106819152832,4700.0,0.0,0
2018-05-04 00:00:00+00:00,18.49497413635254,18.49497413635254,18.49497413635254,18.49497413635254,300.0,0.0,0
2018-05-07 00:00:00+00:00,18.49497413635254,18.49497413635254,18.49497413635254,18.49497413635254,0.0,0.0,0
2018-05-08 00:00:00+00:00,18.550403594970703,18.550403594970703,18.54116513468659,18.550403594970703,4900.0,0.0,0
2018-05-09 00:00:00+00:00,18.49497413635254,18.49497413635254,18.49497413635254,18.49497413635254,2000.0,0.0,0
2018-05-10 00:00:00+00:00,18.522686004638672,18.522686004638672,18.522686004638672,18.522686004638672,1000.0,0.0,0
2018-05-11 00:00:00+00:00,18.550402120515628,18.550402120515628,18.531925201416016,18.531925201416016,1000.0,0.0,0
2018-05-14 00:00:00+00:00,18.54116513468659,18.550403594970703,18.54116513468659,18.550403594970703,1400.0,0.0,0
2018-05-15 00:00:00+00:00,18.550403594970703,18.550403594970703,18.550403594970703,18.550403594970703,0.0,0.0,0
2018-05-16 00:00:00+00:00,18.458019256591797,18.458019256591797,18.458019256591797,18.458019256591797,200.0,0.0,0
2018-05-17 00:00:00+00:00,18.458019256591797,18.458019256591797,18.458019256591797,18.458019256591797,0.0,0.0,0
2018-05-18 00:00:00+00:00,18.458019256591797,18.458019256591797,18.458019256591797,18.458019256591797,0.0,0.0,0
2018-05-22 00:00:00+00:00,18.49497413635254,18.49497413635254,18.49497413635254,18.49497413635254,2300.0,0.0,0
2018-05-23 00:00:00+00:00,18.47649383544922,18.47649383544922,18.47649383544922,18.47649383544922,300.0,0.0,0
2018-05-24 00:00:00+00:00,18.531925201416016,18.531925201416016,18.531925201416016,18.531925201416016,2200.0,0.0,0
2018-05-25 00:00:00+00:00,18.6058292388916,18.6058292388916,18.6058292388916,18.6058292388916,200.0,0.0,0
2018-05-28 00:00:00+00:00,18.652023315429688,18.652023315429688,18.652023315429688,18.652023315429688,600.0,0.0,0
2018-05-29 00:00:00+00:00,18.652023315429688,18.652023315429688,18.652023315429688,18.652023315429688,0.0,0.0,0
2018-05-30 00:00:00+00:00,18.652023315429688,18.652023315429688,18.652023315429688,18.652023315429688,0.0,0.0,0
2018-05-31 00:00:00+00:00,18.5873562635033,18.5873562635033,18.559640884399414,18.559640884399414,200.0,0.0,0
2018-06-01 00:00:00+00:00,18.559640884399414,18.559640884399414,18.559640884399414,18.559640884399414,0.0,0.0,0
2018-06-04 00:00:00+00:00,18.624305725097656,18.624305725097656,18.624305725097656,18.624305725097656,900.0,0.0,0
2018-06-05 00:00:00+00:00,18.688975550644408,18.688975550644408,18.679737091064453,18.679737091064453,1800.0,0.0,0
2018-06-06 00:00:00+00:00,18.725929260253906,18.725929260253906,18.725929260253906,18.725929260253906,1000.0,0.0,0
2018-06-07 00:00:00+00:00,18.762881495483526,18.762881495483526,18.753643035888672,18.753643035888672,2400.0,0.0,0
2018-06-08 00:00:00+00:00,18.707452036636546,18.707452036636546,18.698213577270508,18.698213577270508,1400.0,0.0,0
2018-06-11 00:00:00+00:00,18.781357981476493,18.781357981476493,18.772119522094727,18.772119522094727,1400.0,0.0,0
2018-06-12 00:00:00+00:00,18.80907440185547,18.80907440185547,18.80907440185547,18.80907440185547,1100.0,0.0,0
2018-06-13 00:00:00+00:00,18.80907440185547,18.80907440185547,18.80907440185547,18.80907440185547,0.0,0.0,0
2018-06-14 00:00:00+00:00,18.855262756347656,18.855262756347656,18.855262756347656,18.855262756347656,1300.0,0.0,0
2018-06-15 00:00:00+00:00,18.864503860473633,18.864503860473633,18.864503860473633,18.864503860473633,1400.0,0.0,0
2018-06-18 00:00:00+00:00,18.830858598099066,18.877586364746094,18.830858598099066,18.877586364746094,4400.0,0.234,0
2018-06-19 00:00:00+00:00,18.784133911132812,18.784133911132812,18.784133911132812,18.784133911132812,1500.0,0.0,0
2018-06-20 00:00:00+00:00,18.924312591552734,18.924312591552734,18.924312591552734,18.924312591552734,1000.0,0.0,0
2018-06-21 00:00:00+00:00,18.830857234538378,18.849548339843746,18.830857234538378,18.84954833984375,3400.0,0.0,0
2018-06-22 00:00:00+00:00,18.933657147848624,18.943002700805664,18.933657147848624,18.943002700805664,1000.0,0.0,0
2018-06-25 00:00:00+00:00,18.943002700805664,18.943002700805664,18.943002700805664,18.943002700805664,0.0,0.0,0
2018-06-26 00:00:00+00:00,18.765442349083386,18.77478790283203,18.765442349083386,18.77478790283203,1800.0,0.0,0
2018-06-27 00:00:00+00:00,18.77478790283203,18.77478790283203,18.77478790283203,18.77478790283203,0.0,0.0,0
2018-06-28 00:00:00+00:00,18.77478790283203,18.77478790283203,18.77478790283203,18.77478790283203,0.0,0.0,0
2018-06-29 00:00:00+00:00,18.615917205810547,18.615917205810547,18.615917205810547,18.615917205810547,300.0,0.0,0
2018-07-03 00:00:00+00:00,18.615917205810547,18.615917205810547,18.615917205810547,18.615917205810547,0.0,0.0,0
2018-07-04 00:00:00+00:00,18.615917205810547,18.615917205810547,18.615917205810547,18.615917205810547,0.0,0.0,0
2018-07-05 00:00:00+00:00,18.643953323364258,18.643953323364258,18.643953323364258,18.643953323364258,6000.0,0.0,0
2018-07-06 00:00:00+00:00,18.77478790283203,18.77478790283203,18.77478790283203,18.77478790283203,500.0,0.0,0
2018-07-09 00:00:00+00:00,18.77478790283203,18.77478790283203,18.77478790283203,18.77478790283203,0.0,0.0,0
2018-07-10 00:00:00+00:00,18.849548339843746,18.849548339843746,18.849548339843746,18.84954833984375,600.0,0.0,0
2018-07-11 00:00:00+00:00,18.849548339843746,18.849548339843746,18.849548339843746,18.84954833984375,0.0,0.0,0
2018-07-12 00:00:00+00:00,18.82151222229004,18.82151222229004,18.82151222229004,18.82151222229004,400.0,0.0,0
2018-07-13 00:00:00+00:00,18.812167791382084,18.812167791382084,18.802824020385742,18.802824020385742,1000.0,0.0,0
2018-07-16 00:00:00+00:00,18.718718028793624,18.728063583374023,18.718718028793624,18.728063583374023,400.0,0.0,0
2018-07-17 00:00:00+00:00,18.728063583374023,18.728063583374023,18.728063583374023,18.728063583374023,0.0,0.0,0
2018-07-18 00:00:00+00:00,18.737403869628906,18.737403869628906,18.737403869628906,18.737403869628906,900.0,0.0,0
2018-07-19 00:00:00+00:00,18.76544189453125,18.76544189453125,18.76544189453125,18.76544189453125,800.0,0.0,0
2018-07-20 00:00:00+00:00,18.746749877929688,18.746749877929688,18.746749877929688,18.746749877929688,700.0,0.0,0
2018-07-23 00:00:00+00:00,18.709373474121094,18.709373474121094,18.709373474121094,18.709373474121094,700.0,0.0,0
2018-07-24 00:00:00+00:00,18.70936874826075,18.70936874826075,18.690677642822266,18.690677642822266,5500.0,0.0,0
2018-07-25 00:00:00+00:00,18.700023651123047,18.700023651123047,18.700023651123047,18.700023651123047,800.0,0.0,0
2018-07-26 00:00:00+00:00,18.700023651123047,18.700023651123047,18.700023651123047,18.700023651123047,0.0,0.0,0
2018-07-27 00:00:00+00:00,18.643953323364258,18.643953323364258,18.643953323364258,18.643953323364258,100.0,0.0,0
2018-07-30 00:00:00+00:00,18.615916295945084,18.615916295945084,18.57853408247289,18.597225189208984,4600.0,0.0,0
2018-07-31 00:00:00+00:00,18.709373474121094,18.709373474121094,18.709373474121094,18.709373474121094,1000.0,0.0,0
2018-08-01 00:00:00+00:00,18.606570742577034,18.606570742577034,18.597225189208988,18.597225189208984,2200.0,0.0,0
2018-08-02 00:00:00+00:00,18.597225189208988,18.597225189208988,18.597225189208988,18.597225189208984,0.0,0.0,0
2018-08-03 00:00:00+00:00,18.64395477669278,18.64395477669278,18.63460922241211,18.63460922241211,3300.0,0.0,0
2018-08-07 00:00:00+00:00,18.653296793913366,18.71871566772461,18.653296793913366,18.71871566772461,10600.0,0.0,0
2018-08-08 00:00:00+00:00,18.746749877929688,18.746749877929688,18.746749877929688,18.746749877929688,100.0,0.0,0
2018-08-09 00:00:00+00:00,18.746749877929688,18.746749877929688,18.746749877929688,18.746749877929688,0.0,0.0,0
2018-08-10 00:00:00+00:00,18.746749877929688,18.746749877929688,18.746749877929688,18.746749877929688,0.0,0.0,0
2018-08-13 00:00:00+00:00,18.597225643913216,18.606571197509766,18.597225643913216,18.606571197509766,1100.0,0.0,0
2018-08-14 00:00:00+00:00,18.606571197509766,18.606571197509766,18.606571197509766,18.606571197509766,900.0,0.0,0
2018-08-15 00:00:00+00:00,18.606571197509766,18.606571197509766,18.606571197509766,18.606571197509766,0.0,0.0,0
2018-08-16 00:00:00+00:00,18.597225189208988,18.597225189208988,18.597225189208988,18.597225189208984,300.0,0.0,0
2018-08-17 00:00:00+00:00,18.606571197509766,18.606571197509766,18.606571197509766,18.606571197509766,900.0,0.0,0
2018-08-20 00:00:00+00:00,18.643953323364258,18.643953323364258,18.643953323364258,18.643953323364258,100.0,0.0,0
2018-08-21 00:00:00+00:00,18.643953323364258,18.643953323364258,18.643953323364258,18.643953323364258,0.0,0.0,0
2018-08-22 00:00:00+00:00,18.690677642822266,18.690677642822266,18.690677642822266,18.690677642822266,700.0,0.0,0
2018-08-23 00:00:00+00:00,18.700023651123047,18.700023651123047,18.700023651123047,18.700023651123047,100.0,0.0,0
2018-08-24 00:00:00+00:00,18.7560977935791,18.7560977935791,18.7560977935791,18.7560977935791,300.0,0.0,0
2018-08-27 00:00:00+00:00,18.802824020385742,18.802824020385742,18.802824020385742,18.802824020385742,1400.0,0.0,0
2018-08-28 00:00:00+00:00,18.737403869628906,18.737403869628906,18.737403869628906,18.737403869628906,2400.0,0.0,0
2018-08-29 00:00:00+00:00,18.737403869628906,18.737403869628906,18.737403869628906,18.737403869628906,0.0,0.0,0
2018-08-30 00:00:00+00:00,18.737403869628906,18.737403869628906,18.737403869628906,18.737403869628906,0.0,0.0,0
2018-08-31 00:00:00+00:00,18.737403869628906,18.737403869628906,18.737403869628906,18.737403869628906,0.0,0.0,0
2018-09-04 00:00:00+00:00,18.643953715315273,18.77478790283203,18.643953715315273,18.77478790283203,400.0,0.0,0
2018-09-05 00:00:00+00:00,18.77478790283203,18.77478790283203,18.77478790283203,18.77478790283203,0.0,0.0,0
2018-09-06 00:00:00+00:00,18.700024560921396,18.71871566772461,18.700024560921396,18.71871566772461,400.0,0.0,0
2018-09-07 00:00:00+00:00,18.671987533569336,18.671987533569336,18.671987533569336,18.671987533569336,1500.0,0.0,0
2018-09-10 00:00:00+00:00,18.690677642822266,18.690677642822266,18.690677642822266,18.690677642822266,2600.0,0.0,0
2018-09-11 00:00:00+00:00,18.64395477669278,18.662644102771907,18.63460922241211,18.63460922241211,1200.0,0.0,0
2018-09-12 00:00:00+00:00,18.63460922241211,18.63460922241211,18.63460922241211,18.63460922241211,0.0,0.0,0
2018-09-13 00:00:00+00:00,18.643953323364258,18.643953323364258,18.643953323364258,18.643953323364258,500.0,0.0,0
2018-09-14 00:00:00+00:00,18.653297424316406,18.653297424316406,18.653297424316406,18.653297424316406,700.0,0.0,0
2018-09-17 00:00:00+00:00,18.634607858299415,18.634607858299415,18.606571197509766,18.606571197509766,1000.0,0.0,0
2018-09-18 00:00:00+00:00,18.606571197509766,18.606571197509766,18.606571197509766,18.606571197509766,0.0,0.0,0
2018-09-19 00:00:00+00:00,18.587879094379435,18.625261306762695,18.587879094379435,18.625261306762695,4900.0,0.0,0
2018-09-20 00:00:00+00:00,18.550500869750977,18.550500869750977,18.550500869750977,18.550500869750977,2500.0,0.0,0
2018-09-21 00:00:00+00:00,18.615917205810547,18.615917205810547,18.615917205810547,18.615917205810547,500.0,0.0,0
2018-09-24 00:00:00+00:00,18.615917205810547,18.615917205810547,18.615917205810547,18.615917205810547,0.0,0.0,0
2018-09-25 00:00:00+00:00,18.54115631520873,18.54115631520873,18.531810760498047,18.531810760498047,1700.0,0.0,0
2018-09-26 00:00:00+00:00,18.531810760498047,18.531810760498047,18.531810760498047,18.531810760498047,0.0,0.0,0
2018-09-27 00:00:00+00:00,18.541152954101562,18.541152954101562,18.541152954101562,18.541152954101562,500.0,0.0,0
2018-09-28 00:00:00+00:00,18.541152954101562,18.541152954101562,18.541152954101562,18.541152954101562,0.0,0.0,0
2018-10-01 00:00:00+00:00,18.354246139526367,18.354246139526367,18.354246139526367,18.354246139526367,2600.0,0.0,0
2018-10-02 00:00:00+00:00,18.307519001666833,18.307519001666833,18.288827896118164,18.288827896118164,2200.0,0.0,0
2018-10-03 00:00:00+00:00,18.279482553776113,18.279482553776113,18.251447677612305,18.251447677612305,700.0,0.0,0
2018-10-04 00:00:00+00:00,18.19537353515625,18.19537353515625,18.19537353515625,18.19537353515625,1900.0,0.0,0
2018-10-05 00:00:00+00:00,18.129959106445312,18.129959106445312,18.129959106445312,18.129959106445312,700.0,0.0,0
2018-10-09 00:00:00+00:00,18.129959106445312,18.129959106445312,18.129959106445312,18.129959106445312,0.0,0.0,0
2018-10-10 00:00:00+00:00,17.961742401123047,17.961742401123047,17.961742401123047,17.961742401123047,100.0,0.0,0
2018-10-11 00:00:00+00:00,17.961742401123047,17.961742401123047,17.961742401123047,17.961742401123047,0.0,0.0,0
2018-10-12 00:00:00+00:00,17.961742401123047,17.961742401123047,17.961742401123047,17.961742401123047,0.0,0.0,0
2018-10-15 00:00:00+00:00,17.961742401123047,17.961742401123047,17.961742401123047,17.961742401123047,0.0,0.0,0
2018-10-16 00:00:00+00:00,17.8682918548584,17.8682918548584,17.8682918548584,17.8682918548584,200.0,0.0,0
2018-10-17 00:00:00+00:00,17.8682918548584,17.8682918548584,17.8682918548584,17.8682918548584,0.0,0.0,0
2018-10-18 00:00:00+00:00,17.868288371001373,17.87763214111328,17.868288371001373,17.87763214111328,700.0,0.0,0
2018-10-19 00:00:00+00:00,17.87763214111328,17.87763214111328,17.87763214111328,17.87763214111328,0.0,0.0,0
2018-10-22 00:00:00+00:00,17.774837493896484,17.774837493896484,17.774837493896484,17.774837493896484,1200.0,0.0,0
2018-10-23 00:00:00+00:00,17.615965132307753,17.662691116333008,17.615965132307753,17.662691116333008,400.0,0.0,0
2018-10-24 00:00:00+00:00,17.662691116333008,17.662691116333008,17.662691116333008,17.662691116333008,0.0,0.0,0
2018-10-25 00:00:00+00:00,17.46644044198852,17.513166427612305,17.447749334746167,17.513166427612305,1400.0,0.0,0
2018-10-26 00:00:00+00:00,17.28887764384271,17.37298583984375,17.28887764384271,17.37298583984375,1100.0,0.0,0
2018-10-29 00:00:00+00:00,17.37298583984375,17.37298583984375,17.37298583984375,17.37298583984375,0.0,0.0,0
2018-10-30 00:00:00+00:00,17.419713973999023,17.419713973999023,17.419713973999023,17.419713973999023,700.0,0.0,0
2018-10-31 00:00:00+00:00,17.541202545166016,17.541202545166016,17.541202545166016,17.541202545166016,700.0,0.0,0
2018-11-01 00:00:00+00:00,17.541202545166016,17.541202545166016,17.541202545166016,17.541202545166016,0.0,0.0,0
2018-11-02 00:00:00+00:00,17.541202545166016,17.541202545166016,17.541202545166016,17.541202545166016,0.0,0.0,0
2018-11-05 00:00:00+00:00,17.74679731359836,17.74679731359836,17.700071334838867,17.700071334838867,200.0,0.0,0
2018-11-06 00:00:00+00:00,17.737454913650367,17.737454913650367,17.72810935974121,17.72810935974121,300.0,0.0,0
2018-11-07 00:00:00+00:00,17.896326065063477,17.896326065063477,17.896326065063477,17.896326065063477,200.0,0.0,0
2018-11-08 00:00:00+00:00,17.76549263023769,17.830909729003906,17.76549263023769,17.830909729003906,300.0,0.0,0
2018-11-09 00:00:00+00:00,17.774834920990582,17.80286979675293,17.756143815494397,17.80286979675293,2100.0,0.0,0
2018-11-12 00:00:00+00:00,17.80286979675293,17.80286979675293,17.80286979675293,17.80286979675293,0.0,0.0,0
2018-11-13 00:00:00+00:00,17.80286979675293,17.80286979675293,17.80286979675293,17.80286979675293,0.0,0.0,0
2018-11-14 00:00:00+00:00,17.80286979675293,17.80286979675293,17.80286979675293,17.80286979675293,0.0,0.0,0
2018-11-15 00:00:00+00:00,17.569238662719727,17.569238662719727,17.569238662719727,17.569238662719727,600.0,0.0,0
2018-11-16 00:00:00+00:00,17.662691116333008,17.662691116333008,17.662691116333008,17.662691116333008,300.0,0.0,0
2018-11-19 00:00:00+00:00,17.662691116333008,17.662691116333008,17.662691116333008,17.662691116333008,0.0,0.0,0
2018-11-20 00:00:00+00:00,17.662691116333008,17.662691116333008,17.662691116333008,17.662691116333008,0.0,0.0,0
2018-11-21 00:00:00+00:00,17.597274994549412,17.597274994549412,17.559894561767578,17.559894561767578,2200.0,0.0,0
2018-11-22 00:00:00+00:00,17.559894561767578,17.559894561767578,17.559894561767578,17.559894561767578,0.0,0.0,0
2018-11-23 00:00:00+00:00,17.494475078799983,17.494475078799983,17.466440200805664,17.466440200805664,700.0,0.0,0
2018-11-26 00:00:00+00:00,17.466439900994352,17.55054809849773,17.466439900994352,17.541202545166016,24100.0,0.0,0
2018-11-27 00:00:00+00:00,17.541202545166016,17.541202545166016,17.541202545166016,17.541202545166016,0.0,0.0,0
2018-11-28 00:00:00+00:00,17.541202545166016,17.541202545166016,17.541202545166016,17.541202545166016,100.0,0.0,0
2018-11-29 00:00:00+00:00,17.681381225585938,17.681381225585938,17.681381225585938,17.681381225585938,200.0,0.0,0
2018-11-30 00:00:00+00:00,17.681381225585938,17.681381225585938,17.681381225585938,17.681381225585938,0.0,0.0,0
2018-12-03 00:00:00+00:00,17.718764713179592,17.7561469307305,17.718764713179592,17.746801376342773,1500.0,0.0,0
2018-12-04 00:00:00+00:00,17.746801376342773,17.746801376342773,17.746801376342773,17.746801376342773,0.0,0.0,0
2018-12-05 00:00:00+00:00,17.746801376342773,17.746801376342773,17.746801376342773,17.746801376342773,0.0,0.0,0
2018-12-06 00:00:00+00:00,17.746801376342773,17.746801376342773,17.746801376342773,17.746801376342773,0.0,0.0,0
2018-12-07 00:00:00+00:00,17.746801376342773,17.746801376342773,17.746801376342773,17.746801376342773,0.0,0.0,0
2018-12-10 00:00:00+00:00,17.746801376342773,17.746801376342773,17.746801376342773,17.746801376342773,0.0,0.0,0
2018-12-11 00:00:00+00:00,17.746801376342773,17.746801376342773,17.746801376342773,17.746801376342773,0.0,0.0,0
2018-12-12 00:00:00+00:00,17.746801376342773,17.746801376342773,17.746801376342773,17.746801376342773,0.0,0.0,0
2018-12-13 00:00:00+00:00,17.37298583984375,17.37298583984375,17.37298583984375,17.37298583984375,600.0,0.0,0
2018-12-14 00:00:00+00:00,17.597274780273438,17.597274780273438,17.597274780273438,17.597274780273438,300.0,0.0,0
2018-12-17 00:00:00+00:00,17.597274780273438,17.597274780273438,17.597274780273438,17.597274780273438,0.0,0.0,0
2018-12-18 00:00:00+00:00,17.11131598323995,17.139352643200557,17.05524444580078,17.05524444580078,1700.0,0.0,0
2018-12-19 00:00:00+00:00,17.027208174907564,17.027208174907564,16.943099975585938,16.943099975585938,5000.0,0.0,0
2018-12-20 00:00:00+00:00,16.943099975585938,16.943099975585938,16.943099975585938,16.943099975585938,0.0,0.0,0
2018-12-21 00:00:00+00:00,16.943099975585938,16.943099975585938,16.943099975585938,16.943099975585938,0.0,0.0,0
2018-12-24 00:00:00+00:00,16.943099975585938,16.943099975585938,16.943099975585938,16.943099975585938,0.0,0.0,0
2018-12-27 00:00:00+00:00,17.165599822998047,17.165599822998047,17.165599822998047,17.165599822998047,0.0,0.0,0
2018-12-28 00:00:00+00:00,17.165599822998047,17.165599822998047,17.165599822998047,17.165599822998047,0.0,0.0,0
2018-12-31 00:00:00+00:00,17.165599822998047,17.165599822998047,17.165599822998047,17.165599822998047,0.0,0.0,0
2019-01-02 00:00:00+00:00,17.165599822998047,17.165599822998047,17.165599822998047,17.165599822998047,0.0,0.0,0
2019-01-03 00:00:00+00:00,17.165599822998047,17.165599822998047,17.165599822998047,17.165599822998047,0.0,0.0,0
2019-01-04 00:00:00+00:00,17.165599822998047,17.165599822998047,17.165599822998047,17.165599822998047,0.0,0.0,0
2019-01-07 00:00:00+00:00,17.165599822998047,17.165599822998047,17.165599822998047,17.165599822998047,0.0,0.0,0
2019-01-08 00:00:00+00:00,17.165599822998047,17.165599822998047,17.165599822998047,17.165599822998047,0.0,0.0,0
2019-01-09 00:00:00+00:00,17.392833004195843,17.421236038208008,17.392833004195843,17.421236038208008,2300.0,0.0,0
2019-01-10 00:00:00+00:00,17.459110260009766,17.459110260009766,17.459110260009766,17.459110260009766,100.0,0.0,0
2019-01-11 00:00:00+00:00,17.459110260009766,17.459110260009766,17.459110260009766,17.459110260009766,0.0,0.0,0
2019-01-14 00:00:00+00:00,17.459110260009766,17.459110260009766,17.459110260009766,17.459110260009766,0.0,0.0,0
2019-01-15 00:00:00+00:00,17.468578338623047,17.468578338623047,17.468578338623047,17.468578338623047,800.0,0.0,0
2019-01-16 00:00:00+00:00,17.468578338623047,17.468578338623047,17.468578338623047,17.468578338623047,0.0,0.0,0
2019-01-17 00:00:00+00:00,17.620065689086914,17.620065689086914,17.620065689086914,17.620065689086914,500.0,0.0,0
2019-01-18 00:00:00+00:00,17.620065689086914,17.620065689086914,17.620065689086914,17.620065689086914,0.0,0.0,0
2019-01-21 00:00:00+00:00,17.620065689086914,17.620065689086914,17.620065689086914,17.620065689086914,0.0,0.0,0
2019-01-22 00:00:00+00:00,17.629538599947203,17.629538599947203,17.563260625084595,17.582197189331055,2100.0,0.0,0
2019-01-23 00:00:00+00:00,17.582197189331055,17.582197189331055,17.582197189331055,17.582197189331055,0.0,0.0,0
2019-01-24 00:00:00+00:00,17.639001846313477,17.639001846313477,17.639001846313477,17.639001846313477,3000.0,0.0,0
2019-01-25 00:00:00+00:00,17.639001846313477,17.639001846313477,17.639001846313477,17.639001846313477,0.0,0.0,0
2019-01-28 00:00:00+00:00,17.79049301147461,17.79049301147461,17.79049301147461,17.79049301147461,200.0,0.0,0
2019-01-29 00:00:00+00:00,17.79049301147461,17.79049301147461,17.79049301147461,17.79049301147461,0.0,0.0,0
2019-01-30 00:00:00+00:00,17.837832798136823,17.894640676734994,17.8188962366408,17.86623764038086,5600.0,0.0,0
2019-01-31 00:00:00+00:00,17.875701904296875,17.875701904296875,17.875701904296875,17.875701904296875,400.0,0.0,0
2019-02-01 00:00:00+00:00,17.86623764038086,17.86623764038086,17.86623764038086,17.86623764038086,4000.0,0.0,0
2019-02-04 00:00:00+00:00,17.86623764038086,17.86623764038086,17.86623764038086,17.86623764038086,0.0,0.0,0
2019-02-05 00:00:00+00:00,17.86623764038086,17.86623764038086,17.86623764038086,17.86623764038086,0.0,0.0,0
2019-02-06 00:00:00+00:00,17.979851372247516,17.979851372247516,17.951446533203125,17.951446533203125,13000.0,0.0,0
2019-02-07 00:00:00+00:00,17.85676885470779,17.894640170739073,17.85676885470779,17.88517189025879,12000.0,0.0,0
2019-02-08 00:00:00+00:00,17.88517189025879,17.88517189025879,17.88517189025879,17.88517189025879,0.0,0.0,0
2019-02-11 00:00:00+00:00,17.88517189025879,17.88517189025879,17.88517189025879,17.88517189025879,0.0,0.0,0
2019-02-12 00:00:00+00:00,18.008258415126274,18.02719497680664,18.008258415126274,18.02719497680664,3900.0,0.0,0
2019-02-13 00:00:00+00:00,18.084003448486328,18.084003448486328,18.084003448486328,18.084003448486328,200.0,0.0,0
2019-02-14 00:00:00+00:00,18.15027618408203,18.15027618408203,18.15027618408203,18.15027618408203,300.0,0.0,0
2019-02-15 00:00:00+00:00,18.178683728841644,18.19761848449707,18.178683728841644,18.19761848449707,2300.0,0.0,0
2019-02-19 00:00:00+00:00,18.282831192016605,18.282831192016605,18.282831192016605,18.2828311920166,400.0,0.0,0
2019-02-20 00:00:00+00:00,18.216555941198305,18.24496078491211,18.216555941198305,18.24496078491211,4100.0,0.0,0
2019-02-21 00:00:00+00:00,18.22602292228615,18.22602292228615,18.216554641723633,18.216554641723633,500.0,0.0,0
2019-02-22 00:00:00+00:00,18.216554641723633,18.216554641723633,18.216554641723633,18.216554641723633,0.0,0.0,0
2019-02-25 00:00:00+00:00,18.216554641723633,18.216554641723633,18.216554641723633,18.216554641723633,0.0,0.0,0
2019-02-26 00:00:00+00:00,18.254426956176758,18.254426956176758,18.254426956176758,18.254426956176758,1000.0,0.0,0
2019-02-27 00:00:00+00:00,18.17868423461914,18.17868423461914,18.17868423461914,18.17868423461914,9800.0,0.0,0
2019-02-28 00:00:00+00:00,18.16921615600586,18.16921615600586,18.16921615600586,18.16921615600586,6300.0,0.0,0
2019-03-01 00:00:00+00:00,18.207087255971587,18.263896942138672,18.207087255971587,18.263896942138672,2100.0,0.0,0
2019-03-04 00:00:00+00:00,18.263896942138672,18.263896942138672,18.263896942138672,18.263896942138672,0.0,0.0,0
2019-03-05 00:00:00+00:00,18.263896942138672,18.263896942138672,18.263896942138672,18.263896942138672,0.0,0.0,0
2019-03-06 00:00:00+00:00,18.263896942138672,18.263896942138672,18.263896942138672,18.263896942138672,0.0,0.0,0
2019-03-07 00:00:00+00:00,18.263896942138672,18.263896942138672,18.263896942138672,18.263896942138672,0.0,0.0,0
2019-03-08 00:00:00+00:00,18.263896942138672,18.263896942138672,18.263896942138672,18.263896942138672,0.0,0.0,0
2019-03-11 00:00:00+00:00,18.311235427856445,18.311235427856445,18.311235427856445,18.311235427856445,1200.0,0.0,0
2019-03-12 00:00:00+00:00,18.339641571044922,18.339641571044922,18.339641571044922,18.339641571044922,500.0,0.0,0
2019-03-13 00:00:00+00:00,18.339641571044922,18.339641571044922,18.339641571044922,18.339641571044922,0.0,0.0,0
2019-03-14 00:00:00+00:00,18.339641571044922,18.339641571044922,18.339641571044922,18.339641571044922,0.0,0.0,0
2019-03-15 00:00:00+00:00,18.35857582092285,18.35857582092285,18.35857582092285,18.35857582092285,100.0,0.0,0
2019-03-18 00:00:00+00:00,18.35857582092285,18.35857582092285,18.35857582092285,18.35857582092285,0.0,0.0,0
2019-03-19 00:00:00+00:00,18.35857582092285,18.35857582092285,18.35857582092285,18.35857582092285,0.0,0.0,0
2019-03-20 00:00:00+00:00,18.368043899536133,18.368043899536133,18.368043899536133,18.368043899536133,2600.0,0.0,0
2019-03-21 00:00:00+00:00,18.368043899536133,18.368043899536133,18.368043899536133,18.368043899536133,0.0,0.0,0
2019-03-22 00:00:00+00:00,18.46272388790792,18.46272388790792,18.41538429260254,18.41538429260254,2100.0,0.0,0
2019-03-25 00:00:00+00:00,18.396450245644022,18.396450245644022,18.386981964111328,18.386981964111328,1500.0,0.0,0
2019-03-26 00:00:00+00:00,18.424850463867188,18.424850463867188,18.424850463867188,18.424850463867188,800.0,0.0,0
2019-03-27 00:00:00+00:00,18.424850766951774,18.424850766951774,18.41538429260254,18.41538429260254,1000.0,0.0,0
2019-03-28 00:00:00+00:00,18.40591812133789,18.40591812133789,18.40591812133789,18.40591812133789,200.0,0.0,0
2019-03-29 00:00:00+00:00,18.40591812133789,18.40591812133789,18.40591812133789,18.40591812133789,0.0,0.0,0
2019-04-01 00:00:00+00:00,18.500598199306978,18.529001235961914,18.500598199306978,18.529001235961914,600.0,0.0,0
2019-04-02 00:00:00+00:00,18.529001235961914,18.529001235961914,18.529001235961914,18.529001235961914,0.0,0.0,0
2019-04-03 00:00:00+00:00,18.529001235961914,18.529001235961914,18.529001235961914,18.529001235961914,0.0,0.0,0
2019-04-04 00:00:00+00:00,18.529001235961914,18.529001235961914,18.529001235961914,18.529001235961914,0.0,0.0,0
2019-04-05 00:00:00+00:00,18.529001235961914,18.529001235961914,18.529001235961914,18.529001235961914,0.0,0.0,0
2019-04-08 00:00:00+00:00,18.529001235961914,18.529001235961914,18.529001235961914,18.529001235961914,0.0,0.0,0
2019-04-09 00:00:00+00:00,18.529001235961914,18.529001235961914,18.529001235961914,18.529001235961914,0.0,0.0,0
2019-04-10 00:00:00+00:00,18.529001235961914,18.529001235961914,18.529001235961914,18.529001235961914,0.0,0.0,0
2019-04-11 00:00:00+00:00,18.529001235961914,18.529001235961914,18.529001235961914,18.529001235961914,0.0,0.0,0
2019-04-12 00:00:00+00:00,18.529001235961914,18.529001235961914,18.529001235961914,18.529001235961914,0.0,0.0,0
2019-04-15 00:00:00+00:00,18.652088368171555,18.652088368171555,18.642620086669922,18.642620086669922,1000.0,0.0,0
2019-04-16 00:00:00+00:00,18.595277786254883,18.595277786254883,18.595277786254883,18.595277786254883,4100.0,0.0,0
2019-04-17 00:00:00+00:00,18.595277786254883,18.595277786254883,18.595277786254883,18.595277786254883,0.0,0.0,0
2019-04-18 00:00:00+00:00,18.519533157348633,18.519533157348633,18.519533157348633,18.519533157348633,100.0,0.0,0
2019-04-22 00:00:00+00:00,18.519533157348633,18.519533157348633,18.519533157348633,18.519533157348633,0.0,0.0,0
2019-04-23 00:00:00+00:00,18.519533157348633,18.519533157348633,18.519533157348633,18.519533157348633,0.0,0.0,0
2019-04-24 00:00:00+00:00,18.66155464079182,18.66155464079182,18.652088165283203,18.652088165283203,700.0,0.0,0
2019-04-25 00:00:00+00:00,18.756235156563722,18.756235156563722,18.57634323238146,18.5858097076416,5300.0,0.0,0
2019-04-26 00:00:00+00:00,18.604745864868168,18.604745864868168,18.604745864868168,18.604745864868164,1100.0,0.0,0
2019-04-29 00:00:00+00:00,18.604745864868168,18.604745864868168,18.604745864868168,18.604745864868164,0.0,0.0,0
2019-04-30 00:00:00+00:00,18.64261878600459,18.64261878600459,18.614213943481445,18.614213943481445,1400.0,0.0,0
2019-05-01 00:00:00+00:00,18.614213943481445,18.614213943481445,18.614213943481445,18.614213943481445,0.0,0.0,0
2019-05-02 00:00:00+00:00,18.614213943481445,18.614213943481445,18.614213943481445,18.614213943481445,0.0,0.0,0
2019-05-03 00:00:00+00:00,18.604745662640397,18.614213943481445,18.604745662640397,18.614213943481445,32000.0,0.0,0
2019-05-06 00:00:00+00:00,18.557405471801758,18.557405471801758,18.557405471801758,18.557405471801758,3000.0,0.0,0
2019-05-07 00:00:00+00:00,18.547937393188477,18.547937393188477,18.547937393188477,18.547937393188477,12000.0,0.0,0
2019-05-08 00:00:00+00:00,18.529001235961914,18.529001235961914,18.529001235961914,18.529001235961914,16000.0,0.0,0
2019-05-09 00:00:00+00:00,18.529001235961914,18.529001235961914,18.529001235961914,18.529001235961914,100.0,0.0,0
2019-05-10 00:00:00+00:00,18.41538527667005,18.538469314575195,18.41538527667005,18.538469314575195,16700.0,0.0,0
2019-05-13 00:00:00+00:00,18.51006580808362,18.51006580808362,18.36804519843984,18.39645004272461,20300.0,0.0,0
2019-05-14 00:00:00+00:00,18.443788528442383,18.443788528442383,18.443788528442383,18.443788528442383,8000.0,0.0,0
2019-05-15 00:00:00+00:00,18.443786018232746,18.472190856933594,18.443786018232746,18.472190856933594,4200.0,0.0,0
2019-05-16 00:00:00+00:00,18.547937393188477,18.547937393188477,18.547937393188477,18.547937393188477,4000.0,0.0,0
2019-05-17 00:00:00+00:00,18.500597000122074,18.500597000122074,18.500597000122074,18.50059700012207,100.0,0.0,0
2019-05-21 00:00:00+00:00,18.500597000122074,18.500597000122074,18.500597000122074,18.50059700012207,0.0,0.0,0
2019-05-22 00:00:00+00:00,18.500597000122074,18.500597000122074,18.500597000122074,18.50059700012207,0.0,0.0,0
2019-05-23 00:00:00+00:00,18.500597000122074,18.500597000122074,18.500597000122074,18.50059700012207,0.0,0.0,0
2019-05-24 00:00:00+00:00,18.500597000122074,18.500597000122074,18.500597000122074,18.50059700012207,0.0,0.0,0
2019-05-27 00:00:00+00:00,18.377513277366113,18.40591812133789,18.377513277366113,18.40591812133789,900.0,0.0,0
2019-05-28 00:00:00+00:00,18.40591812133789,18.40591812133789,18.40591812133789,18.40591812133789,0.0,0.0,0
2019-05-29 00:00:00+00:00,18.244959079302998,18.244959079302998,18.216554238244587,18.235490798950195,5300.0,0.0,0
2019-05-30 00:00:00+00:00,18.235490798950195,18.235490798950195,18.235490798950195,18.235490798950195,0.0,0.0,0
2019-05-31 00:00:00+00:00,18.235490798950195,18.235490798950195,18.235490798950195,18.235490798950195,1200.0,0.0,0
2019-06-03 00:00:00+00:00,18.273361206054688,18.273361206054688,18.273361206054688,18.273361206054688,100.0,0.0,0
2019-06-04 00:00:00+00:00,18.273361206054688,18.273361206054688,18.273361206054688,18.273361206054688,0.0,0.0,0
2019-06-05 00:00:00+00:00,18.273361206054688,18.273361206054688,18.273361206054688,18.273361206054688,0.0,0.0,0
2019-06-06 00:00:00+00:00,18.273361206054688,18.273361206054688,18.273361206054688,18.273361206054688,0.0,0.0,0
2019-06-07 00:00:00+00:00,18.273361206054688,18.273361206054688,18.273361206054688,18.273361206054688,0.0,0.0,0
2019-06-10 00:00:00+00:00,18.45325469970703,18.45325469970703,18.45325469970703,18.45325469970703,1400.0,0.0,0
2019-06-11 00:00:00+00:00,18.45325469970703,18.45325469970703,18.45325469970703,18.45325469970703,0.0,0.0,0
2019-06-12 00:00:00+00:00,18.45325469970703,18.45325469970703,18.45325469970703,18.45325469970703,0.0,0.0,0
2019-06-13 00:00:00+00:00,18.529001235961914,18.529001235961914,18.529001235961914,18.529001235961914,3000.0,0.0,0
2019-06-14 00:00:00+00:00,18.529001235961914,18.529001235961914,18.529001235961914,18.529001235961914,0.0,0.0,0
2019-06-17 00:00:00+00:00,18.529001235961914,18.529001235961914,18.529001235961914,18.529001235961914,0.0,0.0,0
2019-06-18 00:00:00+00:00,18.529001235961914,18.529001235961914,18.529001235961914,18.529001235961914,0.0,0.0,0
2019-06-19 00:00:00+00:00,18.529001235961914,18.529001235961914,18.529001235961914,18.529001235961914,0.0,0.0,0
2019-06-20 00:00:00+00:00,18.529001235961914,18.529001235961914,18.529001235961914,18.529001235961914,0.0,0.0,0
2019-06-21 00:00:00+00:00,18.529001235961914,18.529001235961914,18.529001235961914,18.529001235961914,0.0,0.0,0
2019-06-24 00:00:00+00:00,18.833101272583008,18.833101272583008,18.833101272583008,18.833101272583008,0.0,0.316,0
2019-06-25 00:00:00+00:00,18.833101272583008,18.833101272583008,18.833101272583008,18.833101272583008,0.0,0.0,0
2019-06-26 00:00:00+00:00,18.833101272583008,18.833101272583008,18.833101272583008,18.833101272583008,0.0,0.0,0
2019-06-27 00:00:00+00:00,18.61176300048828,18.61176300048828,18.61176300048828,18.61176300048828,700.0,0.0,0
2019-06-28 00:00:00+00:00,18.61176300048828,18.61176300048828,18.61176300048828,18.61176300048828,700.0,0.0,0
2019-07-02 00:00:00+00:00,18.61176300048828,18.61176300048828,18.61176300048828,18.61176300048828,700.0,0.0,0
2019-07-03 00:00:00+00:00,18.784984588623047,18.784984588623047,18.784984588623047,18.784984588623047,400.0,0.0,0
2019-07-04 00:00:00+00:00,18.784984588623047,18.784984588623047,18.784984588623047,18.784984588623047,400.0,0.0,0
2019-07-05 00:00:00+00:00,18.765737533569336,18.765737533569336,18.765737533569336,18.765737533569336,100.0,0.0,0
2019-07-08 00:00:00+00:00,18.765737533569336,18.765737533569336,18.765737533569336,18.765737533569336,0.0,0.0,0
2019-07-09 00:00:00+00:00,18.765737533569336,18.765737533569336,18.765737533569336,18.765737533569336,1000.0,0.0,0
2019-07-10 00:00:00+00:00,18.765737533569336,18.765737533569336,18.765737533569336,18.765737533569336,1000.0,0.0,0
2019-07-11 00:00:00+00:00,18.79460870209433,18.813854217529297,18.79460870209433,18.813854217529297,2200.0,0.0,0
2019-07-12 00:00:00+00:00,18.833100977277557,18.85234832763672,18.833100977277557,18.85234832763672,500.0,0.0,0
2019-07-15 00:00:00+00:00,18.833100977277557,18.85234832763672,18.833100977277557,18.85234832763672,500.0,0.0,0
2019-07-16 00:00:00+00:00,18.833100977277557,18.85234832763672,18.833100977277557,18.85234832763672,500.0,0.0,0
2019-07-17 00:00:00+00:00,18.900466918945312,18.900466918945312,18.900466918945312,18.900466918945312,100.0,0.0,0
2019-07-18 00:00:00+00:00,18.900466918945312,18.900466918945312,18.900466918945312,18.900466918945312,100.0,0.0,0
2019-07-19 00:00:00+00:00,18.900466918945312,18.900466918945312,18.900466918945312,18.900466918945312,100.0,0.0,0
2019-07-22 00:00:00+00:00,18.900466918945312,18.900466918945312,18.900466918945312,18.900466918945312,100.0,0.0,0
2019-07-23 00:00:00+00:00,18.900466918945312,18.900466918945312,18.900466918945312,18.900466918945312,100.0,0.0,0
2019-07-24 00:00:00+00:00,19.044818878173828,19.044818878173828,19.044818878173828,19.044818878173828,100.0,0.0,0
2019-07-25 00:00:00+00:00,19.044818878173828,19.044818878173828,19.044818878173828,19.044818878173828,100.0,0.0,0
2019-07-26 00:00:00+00:00,19.044818878173828,19.044818878173828,19.044818878173828,19.044818878173828,100.0,0.0,0
2019-07-29 00:00:00+00:00,19.044818878173828,19.044818878173828,19.044818878173828,19.044818878173828,0.0,0.0,0
2019-07-30 00:00:00+00:00,19.035194396972653,19.035194396972653,19.035194396972653,19.035194396972656,1200.0,0.0,0
2019-07-31 00:00:00+00:00,19.015947341918945,19.015947341918945,19.015947341918945,19.015947341918945,800.0,0.0,0
2019-08-01 00:00:00+00:00,18.987077713012695,18.987077713012695,18.987077713012695,18.987077713012695,100.0,0.0,0
2019-08-02 00:00:00+00:00,18.987077713012695,18.987077713012695,18.987077713012695,18.987077713012695,100.0,0.0,0
2019-08-06 00:00:00+00:00,18.80423164367676,18.80423164367676,18.80423164367676,18.804231643676758,200.0,0.0,0
2019-08-07 00:00:00+00:00,18.80423164367676,18.80423164367676,18.80423164367676,18.804231643676758,200.0,0.0,0
2019-08-08 00:00:00+00:00,19.015947341918945,19.015947341918945,19.015947341918945,19.015947341918945,800.0,0.0,0
2019-08-09 00:00:00+00:00,18.958208084106445,18.958208084106445,18.958208084106445,18.958208084106445,100.0,0.0,0
2019-08-12 00:00:00+00:00,18.958208084106445,18.958208084106445,18.958208084106445,18.958208084106445,0.0,0.0,0
2019-08-13 00:00:00+00:00,18.958208084106445,18.958208084106445,18.958208084106445,18.958208084106445,100.0,0.0,0
2019-08-14 00:00:00+00:00,18.958208084106445,18.958208084106445,18.958208084106445,18.958208084106445,100.0,0.0,0
2019-08-15 00:00:00+00:00,18.958208084106445,18.958208084106445,18.958208084106445,18.958208084106445,100.0,0.0,0
2019-08-16 00:00:00+00:00,18.833101272583008,18.833101272583008,18.833101272583008,18.833101272583008,100.0,0.0,0
2019-08-19 00:00:00+00:00,18.833101272583008,18.833101272583008,18.833101272583008,18.833101272583008,0.0,0.0,0
2019-08-20 00:00:00+00:00,18.833101272583008,18.833101272583008,18.833101272583008,18.833101272583008,0.0,0.0,0
2019-08-21 00:00:00+00:00,18.833101272583008,18.833101272583008,18.833101272583008,18.833101272583008,0.0,0.0,0
2019-08-22 00:00:00+00:00,18.833101272583008,18.833101272583008,18.833101272583008,18.833101272583008,0.0,0.0,0
2019-08-23 00:00:00+00:00,18.833101272583008,18.833101272583008,18.833101272583008,18.833101272583008,0.0,0.0,0
2019-08-26 00:00:00+00:00,18.833101272583008,18.833101272583008,18.833101272583008,18.833101272583008,0.0,0.0,0
2019-08-27 00:00:00+00:00,18.833101272583008,18.833101272583008,18.833101272583008,18.833101272583008,0.0,0.0,0
2019-08-28 00:00:00+00:00,18.833101272583008,18.833101272583008,18.833101272583008,18.833101272583008,0.0,0.0,0
2019-08-29 00:00:00+00:00,18.9774547037172,18.9774547037172,18.948585510253906,18.948585510253906,4000.0,0.0,0
2019-08-30 00:00:00+00:00,18.94858440833547,18.958208084106445,18.94858440833547,18.958208084106445,600.0,0.0,0
2019-09-03 00:00:00+00:00,19.035195498812257,19.035195498812257,19.025571823120117,19.025571823120117,10100.0,0.0,0
2019-09-04 00:00:00+00:00,19.025571823120117,19.025571823120117,19.025571823120117,19.025571823120117,0.0,0.0,0
2019-09-05 00:00:00+00:00,18.977453231811523,18.977453231811523,18.977453231811523,18.977453231811523,800.0,0.0,0
2019-09-06 00:00:00+00:00,18.977453231811523,18.977453231811523,18.977453231811523,18.977453231811523,0.0,0.0,0
2019-09-09 00:00:00+00:00,18.977453231811523,18.977453231811523,18.977453231811523,18.977453231811523,0.0,0.0,0
2019-09-10 00:00:00+00:00,18.80423164367676,18.80423164367676,18.80423164367676,18.804231643676758,2000.0,0.0,0
2019-09-11 00:00:00+00:00,18.80423164367676,18.80423164367676,18.80423164367676,18.804231643676758,0.0,0.0,0
2019-09-12 00:00:00+00:00,18.80423164367676,18.80423164367676,18.80423164367676,18.804231643676758,0.0,0.0,0
2019-09-13 00:00:00+00:00,18.80423164367676,18.80423164367676,18.80423164367676,18.804231643676758,100.0,0.0,0
2019-09-16 00:00:00+00:00,18.82347869873047,18.82347869873047,18.82347869873047,18.82347869873047,700.0,0.0,0
2019-09-17 00:00:00+00:00,18.85234832763672,18.85234832763672,18.85234832763672,18.85234832763672,100.0,0.0,0
2019-09-18 00:00:00+00:00,18.85234832763672,18.85234832763672,18.85234832763672,18.85234832763672,300.0,0.0,0
2019-09-19 00:00:00+00:00,18.85234832763672,18.85234832763672,18.85234832763672,18.85234832763672,0.0,0.0,0
2019-09-20 00:00:00+00:00,18.85234832763672,18.85234832763672,18.85234832763672,18.85234832763672,0.0,0.0,0
2019-09-23 00:00:00+00:00,19.006322860717773,19.01594653559419,19.006322860717773,19.006322860717773,3800.0,0.0,0
2019-09-24 00:00:00+00:00,18.987077713012695,18.987077713012695,18.987077713012695,18.987077713012695,100.0,0.0,0
2019-09-25 00:00:00+00:00,18.9389591217041,18.9389591217041,18.9389591217041,18.9389591217041,4000.0,0.0,0
2019-09-26 00:00:00+00:00,18.9389591217041,18.9389591217041,18.9389591217041,18.9389591217041,0.0,0.0,0
2019-09-27 00:00:00+00:00,18.9389591217041,18.9389591217041,18.9389591217041,18.9389591217041,0.0,0.0,0
2019-09-30 00:00:00+00:00,18.9389591217041,18.9389591217041,18.9389591217041,18.9389591217041,0.0,0.0,0
2019-10-01 00:00:00+00:00,18.794607162475586,18.794607162475586,18.794607162475586,18.794607162475586,100.0,0.0,0
2019-10-02 00:00:00+00:00,18.794607162475586,18.794607162475586,18.794607162475586,18.794607162475586,0.0,0.0,0
2019-10-03 00:00:00+00:00,18.794607162475586,18.794607162475586,18.794607162475586,18.794607162475586,0.0,0.0,0
2019-10-04 00:00:00+00:00,18.794607162475586,18.794607162475586,18.794607162475586,18.794607162475586,0.0,0.0,0
2019-10-07 00:00:00+00:00,18.794607162475586,18.794607162475586,18.794607162475586,18.794607162475586,0.0,0.0,0
2019-10-08 00:00:00+00:00,18.794607162475586,18.794607162475586,18.794607162475586,18.794607162475586,0.0,0.0,0
2019-10-09 00:00:00+00:00,18.794607162475586,18.794607162475586,18.794607162475586,18.794607162475586,0.0,0.0,0
2019-10-10 00:00:00+00:00,18.794607162475586,18.794607162475586,18.794607162475586,18.794607162475586,0.0,0.0,0
2019-10-11 00:00:00+00:00,18.794607162475586,18.794607162475586,18.794607162475586,18.794607162475586,0.0,0.0,0
2019-10-15 00:00:00+00:00,18.794607162475586,18.794607162475586,18.794607162475586,18.794607162475586,100.0,0.0,0
2019-10-16 00:00:00+00:00,18.794607162475586,18.794607162475586,18.794607162475586,18.794607162475586,0.0,0.0,0
2019-10-17 00:00:00+00:00,18.794607162475586,18.794607162475586,18.794607162475586,18.794607162475586,0.0,0.0,0
2019-10-18 00:00:00+00:00,18.794607162475586,18.794607162475586,18.794607162475586,18.794607162475586,0.0,0.0,0
2019-10-21 00:00:00+00:00,18.794607162475586,18.794607162475586,18.794607162475586,18.794607162475586,0.0,0.0,0
2019-10-22 00:00:00+00:00,18.794607162475586,18.794607162475586,18.794607162475586,18.794607162475586,0.0,0.0,0
2019-10-23 00:00:00+00:00,18.794607162475586,18.794607162475586,18.794607162475586,18.794607162475586,0.0,0.0,0
2019-10-24 00:00:00+00:00,18.794607162475586,18.794607162475586,18.794607162475586,18.794607162475586,0.0,0.0,0
2019-10-25 00:00:00+00:00,18.794607162475586,18.794607162475586,18.794607162475586,18.794607162475586,0.0,0.0,0
2019-10-28 00:00:00+00:00,18.833102374624094,18.833102374624094,18.82347869873047,18.82347869873047,1600.0,0.0,0
2019-10-29 00:00:00+00:00,18.86197280883789,18.86197280883789,18.86197280883789,18.86197280883789,200.0,0.0,0
2019-10-30 00:00:00+00:00,18.84272575378418,18.84272575378418,18.84272575378418,18.84272575378418,100.0,0.0,0
2019-10-31 00:00:00+00:00,18.919713973999023,18.919713973999023,18.919713973999023,18.919713973999023,700.0,0.0,0
2019-11-01 00:00:00+00:00,18.919713973999023,18.919713973999023,18.919713973999023,18.919713973999023,0.0,0.0,0
2019-11-04 00:00:00+00:00,18.929336547851562,18.929336547851562,18.929336547851562,18.929336547851562,100.0,0.0,0
2019-11-05 00:00:00+00:00,18.91008949279785,18.91008949279785,18.91008949279785,18.91008949279785,100.0,0.0,0
2019-11-06 00:00:00+00:00,18.91008949279785,18.91008949279785,18.91008949279785,18.91008949279785,0.0,0.0,0
2019-11-07 00:00:00+00:00,18.91008949279785,18.91008949279785,18.91008949279785,18.91008949279785,0.0,0.0,0
2019-11-08 00:00:00+00:00,18.833101272583008,18.833101272583008,18.833101272583008,18.833101272583008,600.0,0.0,0
2019-11-11 00:00:00+00:00,18.833101272583008,18.833101272583008,18.833101272583008,18.833101272583008,0.0,0.0,0
2019-11-12 00:00:00+00:00,18.833101272583008,18.833101272583008,18.833101272583008,18.833101272583008,0.0,0.0,0
2019-11-13 00:00:00+00:00,18.833101272583008,18.833101272583008,18.833101272583008,18.833101272583008,0.0,0.0,0
2019-11-14 00:00:00+00:00,18.833101272583008,18.833101272583008,18.833101272583008,18.833101272583008,0.0,0.0,0
2019-11-15 00:00:00+00:00,18.833101272583008,18.833101272583008,18.833101272583008,18.833101272583008,0.0,0.0,0
2019-11-18 00:00:00+00:00,18.833101272583008,18.833101272583008,18.833101272583008,18.833101272583008,2400.0,0.0,0
2019-11-19 00:00:00+00:00,18.833101272583008,18.833101272583008,18.833101272583008,18.833101272583008,0.0,0.0,0
2019-11-20 00:00:00+00:00,18.833101272583008,18.833101272583008,18.833101272583008,18.833101272583008,0.0,0.0,0
2019-11-21 00:00:00+00:00,18.833101272583008,18.833101272583008,18.833101272583008,18.833101272583008,0.0,0.0,0
2019-11-22 00:00:00+00:00,18.86197280883789,18.86197280883789,18.86197280883789,18.86197280883789,500.0,0.0,0
2019-11-25 00:00:00+00:00,18.86197280883789,18.86197280883789,18.86197280883789,18.86197280883789,0.0,0.0,0
2019-11-26 00:00:00+00:00,18.92933815759266,18.948585510253906,18.92933815759266,18.948585510253906,500.0,0.0,0
2019-11-27 00:00:00+00:00,18.948585510253906,18.948585510253906,18.948585510253906,18.948585510253906,0.0,0.0,0
2019-11-28 00:00:00+00:00,18.948585510253906,18.948585510253906,18.948585510253906,18.948585510253906,0.0,0.0,0
2019-11-29 00:00:00+00:00,18.929336547851562,18.929336547851562,18.929336547851562,18.929336547851562,200.0,0.0,0
2019-12-02 00:00:00+00:00,18.900466918945312,18.900466918945312,18.900466918945312,18.900466918945312,100.0,0.0,0
2019-12-03 00:00:00+00:00,18.900466918945312,18.900466918945312,18.900466918945312,18.900466918945312,0.0,0.0,0
2019-12-04 00:00:00+00:00,18.900466918945312,18.900466918945312,18.900466918945312,18.900466918945312,0.0,0.0,0
2019-12-05 00:00:00+00:00,18.77536010742187,18.77536010742187,18.77536010742187,18.775360107421875,200.0,0.0,0
2019-12-06 00:00:00+00:00,18.77536010742187,18.77536010742187,18.77536010742187,18.775360107421875,0.0,0.0,0
2019-12-09 00:00:00+00:00,18.77536010742187,18.77536010742187,18.77536010742187,18.775360107421875,0.0,0.0,0
2019-12-10 00:00:00+00:00,18.77536010742187,18.77536010742187,18.77536010742187,18.775360107421875,0.0,0.0,0
2019-12-11 00:00:00+00:00,18.77536010742187,18.77536010742187,18.77536010742187,18.775360107421875,0.0,0.0,0
2019-12-12 00:00:00+00:00,18.77536010742187,18.77536010742187,18.77536010742187,18.775360107421875,0.0,0.0,0
2019-12-13 00:00:00+00:00,19.05443954467773,19.05443954467773,19.05443954467773,19.054439544677734,100.0,0.0,0
2019-12-16 00:00:00+00:00,19.064062924930507,19.073686599731445,19.064062924930507,19.073686599731445,4200.0,0.0,0
2019-12-17 00:00:00+00:00,19.3431457644211,19.3431457644211,19.121806730252278,19.14105224609375,43900.0,0.0,0
2019-12-18 00:00:00+00:00,19.150675483518,19.150675483518,19.1121826171875,19.1121826171875,2000.0,0.0,0
2019-12-19 00:00:00+00:00,19.11218342251843,19.121807098388672,19.10255974664819,19.121807098388672,700.0,0.0,0
2019-12-20 00:00:00+00:00,19.40088486677419,19.40088486677419,19.150674819946293,19.15067481994629,8300.0,0.0,0
2019-12-23 00:00:00+00:00,19.19570541381836,19.19570541381836,19.19570541381836,19.19570541381836,1900.0,0.336,0
2019-12-24 00:00:00+00:00,19.19570541381836,19.19570541381836,19.19570541381836,19.19570541381836,0.0,0.0,0
2019-12-27 00:00:00+00:00,19.274015426635742,19.274015426635742,19.274015426635742,19.274015426635742,400.0,0.0,0
2019-12-30 00:00:00+00:00,19.274015426635742,19.274015426635742,19.274015426635742,19.274015426635742,0.0,0.0,0
2019-12-31 00:00:00+00:00,19.274015426635742,19.274015426635742,19.274015426635742,19.274015426635742,0.0,0.0,0
2020-01-02 00:00:00+00:00,19.274015426635742,19.274015426635742,19.274015426635742,19.274015426635742,0.0,0.0,0
2020-01-03 00:00:00+00:00,19.22507095336914,19.22507095336914,19.22507095336914,19.22507095336914,200.0,0.0,0
2020-01-06 00:00:00+00:00,19.22507095336914,19.22507095336914,19.22507095336914,19.22507095336914,0.0,0.0,0
2020-01-07 00:00:00+00:00,19.26422691345215,19.26422691345215,19.26422691345215,19.26422691345215,400.0,0.0,0
2020-01-08 00:00:00+00:00,19.283803456320673,19.293590545654297,19.283803456320673,19.293590545654297,1100.0,0.0,0
2020-01-09 00:00:00+00:00,19.293590545654297,19.293590545654297,19.293590545654297,19.293590545654297,0.0,0.0,0
2020-01-10 00:00:00+00:00,19.293590545654297,19.293590545654297,19.293590545654297,19.293590545654297,0.0,0.0,0
2020-01-13 00:00:00+00:00,19.362113952636722,19.362113952636722,19.362113952636722,19.36211395263672,300.0,0.0,0
2020-01-14 00:00:00+00:00,19.362113952636722,19.362113952636722,19.362113952636722,19.36211395263672,0.0,0.0,0
2020-01-15 00:00:00+00:00,19.460000012121505,19.460000012121505,19.4404239654541,19.4404239654541,1500.0,0.0,0
2020-01-16 00:00:00+00:00,19.56767631778785,19.56767631778785,19.48936653137207,19.48936653137207,900.0,0.0,0
2020-01-17 00:00:00+00:00,19.518732513977735,19.518732513977735,19.508943557739258,19.508943557739258,500.0,0.0,0
2020-01-20 00:00:00+00:00,19.508943557739258,19.508943557739258,19.508943557739258,19.508943557739258,0.0,0.0,0
2020-01-21 00:00:00+00:00,19.499155044555664,19.499155044555664,19.499155044555664,19.499155044555664,100.0,0.0,0
2020-01-22 00:00:00+00:00,19.499155044555664,19.499155044555664,19.499155044555664,19.499155044555664,0.0,0.0,0
2020-01-23 00:00:00+00:00,19.812393965527374,19.812393965527374,19.58725357055664,19.58725357055664,2300.0,0.0,0
2020-01-24 00:00:00+00:00,19.58725357055664,19.58725357055664,19.58725357055664,19.58725357055664,0.0,0.0,0
2020-01-27 00:00:00+00:00,19.58725357055664,19.58725357055664,19.58725357055664,19.58725357055664,0.0,0.0,0
2020-01-28 00:00:00+00:00,19.528521026939128,19.528521026939128,19.518732070922848,19.51873207092285,2000.0,0.0,0
2020-01-29 00:00:00+00:00,19.518732070922848,19.518732070922848,19.518732070922848,19.51873207092285,0.0,0.0,0
2020-01-30 00:00:00+00:00,19.567676544189453,19.567676544189453,19.567676544189453,19.567676544189453,600.0,0.0,0
2020-01-31 00:00:00+00:00,19.567676544189453,19.567676544189453,19.567676544189453,19.567676544189453,0.0,0.0,0
2020-02-03 00:00:00+00:00,19.567676544189453,19.567676544189453,19.567676544189453,19.567676544189453,0.0,0.0,0
2020-02-04 00:00:00+00:00,19.567676544189453,19.567676544189453,19.567676544189453,19.567676544189453,0.0,0.0,0
2020-02-05 00:00:00+00:00,19.743873596191406,19.743873596191406,19.743873596191406,19.743873596191406,600.0,0.0,0
2020-02-06 00:00:00+00:00,19.78302813290445,19.792817089770704,19.76345208622457,19.77324104309082,3700.0,0.0,0
2020-02-07 00:00:00+00:00,20.008169822707796,20.008169822707796,19.743873596191406,19.743873596191406,1200.0,0.0,0
2020-02-10 00:00:00+00:00,19.743873596191406,19.743873596191406,19.743873596191406,19.743873596191406,0.0,0.0,0
2020-02-11 00:00:00+00:00,19.83197243205963,19.83197243205963,19.78302764892578,19.78302764892578,2000.0,0.0,0
2020-02-12 00:00:00+00:00,19.753662109374996,19.753662109374996,19.753662109374996,19.753662109375,600.0,0.0,0
2020-02-13 00:00:00+00:00,19.753662109374996,19.753662109374996,19.753662109374996,19.753662109375,0.0,0.0,0
2020-02-14 00:00:00+00:00,19.753662109374996,19.753662109374996,19.753662109374996,19.753662109375,0.0,0.0,0
2020-02-18 00:00:00+00:00,19.753662109374996,19.753662109374996,19.753662109374996,19.753662109375,0.0,0.0,0
2020-02-19 00:00:00+00:00,19.910282135009766,19.910282135009766,19.910282135009766,19.910282135009766,100.0,0.0,0
2020-02-20 00:00:00+00:00,19.920072555541992,19.920072555541992,19.920072555541992,19.920072555541992,200.0,0.0,0
2020-02-21 00:00:00+00:00,19.920072555541992,19.920072555541992,19.920072555541992,19.920072555541992,100.0,0.0,0
2020-02-24 00:00:00+00:00,19.920072555541992,19.920072555541992,19.920072555541992,19.920072555541992,0.0,0.0,0
2020-02-25 00:00:00+00:00,19.675352096557617,19.675352096557617,19.675352096557617,19.675352096557617,200.0,0.0,0
2020-02-26 00:00:00+00:00,19.675352096557617,19.675352096557617,19.675352096557617,19.675352096557617,0.0,0.0,0
2020-02-27 00:00:00+00:00,19.675352096557617,19.675352096557617,19.675352096557617,19.675352096557617,0.0,0.0,0
2020-02-28 00:00:00+00:00,18.569225311279297,18.569225311279297,18.569225311279297,18.569225311279297,1000.0,0.0,0
2020-03-02 00:00:00+00:00,18.569225311279297,18.569225311279297,18.569225311279297,18.569225311279297,0.0,0.0,0
2020-03-03 00:00:00+00:00,18.569225311279297,18.569225311279297,18.569225311279297,18.569225311279297,0.0,0.0,0
2020-03-04 00:00:00+00:00,18.569225311279297,18.569225311279297,18.569225311279297,18.569225311279297,0.0,0.0,0
2020-03-05 00:00:00+00:00,19.107606887817383,19.107606887817383,19.107606887817383,19.107606887817383,700.0,0.0,0
2020-03-06 00:00:00+00:00,19.107606887817383,19.107606887817383,19.107606887817383,19.107606887817383,0.0,0.0,0
2020-03-09 00:00:00+00:00,19.107606887817383,19.107606887817383,19.107606887817383,19.107606887817383,0.0,0.0,0
2020-03-10 00:00:00+00:00,18.882465839229646,18.882465839229646,18.060212162019027,18.079788208007812,500.0,0.0,0
2020-03-11 00:00:00+00:00,18.079788208007812,18.079788208007812,18.079788208007812,18.079788208007812,0.0,0.0,0
2020-03-12 00:00:00+00:00,16.640846252441406,16.640846252441406,16.640846252441406,16.640846252441406,500.0,0.0,0
2020-03-13 00:00:00+00:00,16.50380516052246,16.50380516052246,16.50380516052246,16.50380516052246,100.0,0.0,0
2020-03-16 00:00:00+00:00,16.50380516052246,16.50380516052246,16.50380516052246,16.50380516052246,0.0,0.0,0
2020-03-17 00:00:00+00:00,16.014366149902344,16.014366149902344,16.014366149902344,16.014366149902344,4800.0,0.0,0
2020-03-18 00:00:00+00:00,16.014366149902344,16.014366149902344,16.014366149902344,16.014366149902344,0.0,0.0,0
2020-03-19 00:00:00+00:00,15.113802909851074,15.113802909851074,15.084436973076645,15.113802909851074,2400.0,0.0,0
2020-03-20 00:00:00+00:00,15.368309801951138,15.368309801951138,15.143169403076172,15.143169403076172,14700.0,0.0,0
2020-03-23 00:00:00+00:00,15.143169403076172,15.143169403076172,15.143169403076172,15.143169403076172,0.0,0.0,0
2020-03-24 00:00:00+00:00,15.143169403076172,15.143169403076172,15.143169403076172,15.143169403076172,0.0,0.0,0
2020-03-25 00:00:00+00:00,15.143169403076172,15.143169403076172,15.143169403076172,15.143169403076172,0.0,0.0,0
2020-03-26 00:00:00+00:00,15.143169403076172,15.143169403076172,15.143169403076172,15.143169403076172,0.0,0.0,0
2020-03-27 00:00:00+00:00,15.143169403076172,15.143169403076172,15.143169403076172,15.143169403076172,0.0,0.0,0
2020-03-30 00:00:00+00:00,15.143169403076172,15.143169403076172,15.143169403076172,15.143169403076172,0.0,0.0,0
2020-03-31 00:00:00+00:00,15.143169403076172,15.143169403076172,15.143169403076172,15.143169403076172,0.0,0.0,0
2020-04-01 00:00:00+00:00,15.221479415893555,15.221479415893555,15.221479415893555,15.221479415893555,1200.0,0.0,0
2020-04-02 00:00:00+00:00,15.221479415893555,15.221479415893555,15.221479415893555,15.221479415893555,0.0,0.0,0
2020-04-03 00:00:00+00:00,15.231268932015068,15.41725444793701,15.231268932015068,15.417254447937012,500.0,0.0,0
2020-04-06 00:00:00+00:00,15.41725444793701,15.41725444793701,15.41725444793701,15.417254447937012,0.0,0.0,0
2020-04-07 00:00:00+00:00,15.95563316345215,15.95563316345215,15.95563316345215,15.955633163452148,100.0,0.0,0
2020-04-08 00:00:00+00:00,15.95563316345215,15.95563316345215,15.95563316345215,15.955633163452148,0.0,0.0,0
2020-04-09 00:00:00+00:00,15.95563316345215,15.95563316345215,15.95563316345215,15.955633163452148,0.0,0.0,0
2020-04-13 00:00:00+00:00,15.95563316345215,15.95563316345215,15.95563316345215,15.955633163452148,0.0,0.0,0
2020-04-14 00:00:00+00:00,16.308029174804688,16.308029174804688,16.308029174804688,16.308029174804688,100.0,0.0,0
2020-04-15 00:00:00+00:00,16.308029174804688,16.308029174804688,16.308029174804688,16.308029174804688,0.0,0.0,0
2020-04-16 00:00:00+00:00,16.141620635986328,16.141620635986328,16.141620635986328,16.141620635986328,100.0,0.0,0
2020-04-17 00:00:00+00:00,16.141620635986328,16.141620635986328,16.141620635986328,16.141620635986328,100.0,0.0,0
2020-04-20 00:00:00+00:00,16.151409149169922,16.151409149169922,16.151409149169922,16.151409149169922,1000.0,0.0,0
2020-04-21 00:00:00+00:00,16.151409149169922,16.151409149169922,16.151409149169922,16.151409149169922,0.0,0.0,0
2020-04-22 00:00:00+00:00,16.151409149169922,16.151409149169922,16.151409149169922,16.151409149169922,0.0,0.0,0
2020-04-23 00:00:00+00:00,16.151409149169922,16.151409149169922,16.151409149169922,16.151409149169922,0.0,0.0,0
2020-04-24 00:00:00+00:00,16.151409149169922,16.151409149169922,16.151409149169922,16.151409149169922,0.0,0.0,0
2020-04-27 00:00:00+00:00,16.151409149169922,16.151409149169922,16.151409149169922,16.151409149169922,0.0,0.0,0
2020-04-28 00:00:00+00:00,16.151409149169922,16.151409149169922,16.151409149169922,16.151409149169922,0.0,0.0,0
2020-04-29 00:00:00+00:00,16.151409149169922,16.151409149169922,16.151409149169922,16.151409149169922,0.0,0.0,0
2020-04-30 00:00:00+00:00,16.151409149169922,16.151409149169922,16.151409149169922,16.151409149169922,0.0,0.0,0
2020-05-01 00:00:00+00:00,16.445070266723633,16.445070266723633,16.445070266723633,16.445070266723633,200.0,0.0,0
2020-05-04 00:00:00+00:00,16.445070266723633,16.445070266723633,16.445070266723633,16.445070266723633,0.0,0.0,0
2020-05-05 00:00:00+00:00,16.445070266723633,16.445070266723633,16.445070266723633,16.445070266723633,0.0,0.0,0
2020-05-06 00:00:00+00:00,16.62126922607422,16.62126922607422,16.62126922607422,16.62126922607422,200.0,0.0,0
2020-05-07 00:00:00+00:00,16.62126922607422,16.62126922607422,16.62126922607422,16.62126922607422,0.0,0.0,0
2020-05-08 00:00:00+00:00,16.62126922607422,16.62126922607422,16.62126922607422,16.62126922607422,0.0,0.0,0
2020-05-11 00:00:00+00:00,16.62126922607422,16.62126922607422,16.62126922607422,16.62126922607422,0.0,0.0,0
2020-05-12 00:00:00+00:00,16.62126922607422,16.62126922607422,16.62126922607422,16.62126922607422,0.0,0.0,0
2020-05-13 00:00:00+00:00,16.62126922607422,16.62126922607422,16.62126922607422,16.62126922607422,0.0,0.0,0
2020-05-14 00:00:00+00:00,16.62126922607422,16.62126922607422,16.62126922607422,16.62126922607422,0.0,0.0,0
2020-05-15 00:00:00+00:00,16.62126922607422,16.62126922607422,16.62126922607422,16.62126922607422,0.0,0.0,0
2020-05-19 00:00:00+00:00,16.62126922607422,16.62126922607422,16.62126922607422,16.62126922607422,0.0,0.0,0
2020-05-20 00:00:00+00:00,16.62126922607422,16.62126922607422,16.62126922607422,16.62126922607422,0.0,0.0,0
2020-05-21 00:00:00+00:00,16.62126922607422,16.62126922607422,16.62126922607422,16.62126922607422,0.0,0.0,0
2020-05-22 00:00:00+00:00,16.62126922607422,16.62126922607422,16.62126922607422,16.62126922607422,0.0,0.0,0
2020-05-25 00:00:00+00:00,16.62126922607422,16.62126922607422,16.62126922607422,16.62126922607422,0.0,0.0,0
2020-05-26 00:00:00+00:00,16.62126922607422,16.62126922607422,16.62126922607422,16.62126922607422,0.0,0.0,0
2020-05-27 00:00:00+00:00,16.62126922607422,16.62126922607422,16.62126922607422,16.62126922607422,0.0,0.0,0
2020-05-28 00:00:00+00:00,16.62126922607422,16.62126922607422,16.62126922607422,16.62126922607422,0.0,0.0,0
2020-05-29 00:00:00+00:00,16.62126922607422,16.62126922607422,16.62126922607422,16.62126922607422,0.0,0.0,0
2020-06-01 00:00:00+00:00,16.62126922607422,16.62126922607422,16.62126922607422,16.62126922607422,0.0,0.0,0
2020-06-02 00:00:00+00:00,16.62126922607422,16.62126922607422,16.62126922607422,16.62126922607422,0.0,0.0,0
2020-06-03 00:00:00+00:00,16.62126922607422,16.62126922607422,16.62126922607422,16.62126922607422,0.0,0.0,0
2020-06-04 00:00:00+00:00,16.62126922607422,16.62126922607422,16.62126922607422,16.62126922607422,0.0,0.0,0
2020-06-05 00:00:00+00:00,16.62126922607422,16.62126922607422,16.62126922607422,16.62126922607422,0.0,0.0,0
2020-06-08 00:00:00+00:00,16.62126922607422,16.62126922607422,16.62126922607422,16.62126922607422,0.0,0.0,0
2020-06-09 00:00:00+00:00,16.62126922607422,16.62126922607422,16.62126922607422,16.62126922607422,0.0,0.0,0
2020-06-10 00:00:00+00:00,16.62126922607422,16.62126922607422,16.62126922607422,16.62126922607422,0.0,0.0,0
2020-06-11 00:00:00+00:00,17.4239444732666,17.4239444732666,17.4239444732666,17.4239444732666,3000.0,0.0,0
2020-06-12 00:00:00+00:00,17.4239444732666,17.4239444732666,17.4239444732666,17.4239444732666,0.0,0.0,0
2020-06-15 00:00:00+00:00,17.4239444732666,17.4239444732666,17.4239444732666,17.4239444732666,0.0,0.0,0
2020-06-16 00:00:00+00:00,17.4239444732666,17.4239444732666,17.4239444732666,17.4239444732666,0.0,0.0,0
2020-06-17 00:00:00+00:00,17.4239444732666,17.4239444732666,17.4239444732666,17.4239444732666,0.0,0.0,0
2020-06-18 00:00:00+00:00,17.4239444732666,17.4239444732666,17.4239444732666,17.4239444732666,0.0,0.0,0
2020-06-19 00:00:00+00:00,17.47288703918457,17.47288703918457,17.47288703918457,17.47288703918457,900.0,0.0,0
2020-06-22 00:00:00+00:00,17.717056274414062,17.717056274414062,17.717056274414062,17.717056274414062,0.0,0.246,0
2020-06-23 00:00:00+00:00,17.717056274414062,17.717056274414062,17.717056274414062,17.717056274414062,0.0,0.0,0
2020-06-24 00:00:00+00:00,17.717056274414062,17.717056274414062,17.717056274414062,17.717056274414062,0.0,0.0,0
2020-06-25 00:00:00+00:00,17.717056274414062,17.717056274414062,17.717056274414062,17.717056274414062,0.0,0.0,0
2020-06-26 00:00:00+00:00,17.717056274414062,17.717056274414062,17.717056274414062,17.717056274414062,0.0,0.0,0
2020-06-29 00:00:00+00:00,17.717056274414062,17.717056274414062,17.717056274414062,17.717056274414062,0.0,0.0,0
2020-06-30 00:00:00+00:00,17.717056274414062,17.717056274414062,17.717056274414062,17.717056274414062,0.0,0.0,0
2020-07-02 00:00:00+00:00,17.717056274414062,17.717056274414062,17.717056274414062,17.717056274414062,0.0,0.0,0
2020-07-03 00:00:00+00:00,17.717056274414062,17.717056274414062,17.717056274414062,17.717056274414062,0.0,0.0,0
2020-07-06 00:00:00+00:00,17.717056274414062,17.717056274414062,17.717056274414062,17.717056274414062,0.0,0.0,0
2020-07-07 00:00:00+00:00,17.717056274414062,17.717056274414062,17.717056274414062,17.717056274414062,0.0,0.0,0
2020-07-08 00:00:00+00:00,17.717056274414062,17.717056274414062,17.717056274414062,17.717056274414062,0.0,0.0,0
2020-07-09 00:00:00+00:00,17.717056274414062,17.717056274414062,17.717056274414062,17.717056274414062,0.0,0.0,0
2020-07-10 00:00:00+00:00,17.905641555786133,17.905641555786133,17.905641555786133,17.905641555786133,100.0,0.0,0
2020-07-13 00:00:00+00:00,17.865938186645508,17.865938186645508,17.865938186645508,17.865938186645508,800.0,0.0,0
2020-07-14 00:00:00+00:00,17.865938186645508,17.865938186645508,17.865938186645508,17.865938186645508,0.0,0.0,0
2020-07-15 00:00:00+00:00,17.865938186645508,17.865938186645508,17.865938186645508,17.865938186645508,0.0,0.0,0
2020-07-16 00:00:00+00:00,18.014820098876953,18.014820098876953,18.014820098876953,18.014820098876953,700.0,0.0,0
2020-07-17 00:00:00+00:00,18.014820098876953,18.014820098876953,18.014820098876953,18.014820098876953,0.0,0.0,0
2020-07-20 00:00:00+00:00,18.014820098876953,18.014820098876953,18.014820098876953,18.014820098876953,0.0,0.0,0
2020-07-21 00:00:00+00:00,18.014820098876953,18.014820098876953,18.014820098876953,18.014820098876953,0.0,0.0,0
2020-07-22 00:00:00+00:00,18.014820098876953,18.014820098876953,18.014820098876953,18.014820098876953,0.0,0.0,0
2020-07-23 00:00:00+00:00,18.014820098876953,18.014820098876953,18.014820098876953,18.014820098876953,0.0,0.0,0
2020-07-24 00:00:00+00:00,18.014820098876953,18.014820098876953,18.014820098876953,18.014820098876953,0.0,0.0,0
2020-07-27 00:00:00+00:00,18.014820098876953,18.014820098876953,18.014820098876953,18.014820098876953,0.0,0.0,0
2020-07-28 00:00:00+00:00,18.014820098876953,18.014820098876953,18.014820098876953,18.014820098876953,0.0,0.0,0
2020-07-29 00:00:00+00:00,18.630203983121223,18.70960807800293,18.630203983121223,18.70960807800293,700.0,0.0,0
2020-07-30 00:00:00+00:00,18.570648193359375,18.570648193359375,18.570648193359375,18.570648193359375,300.0,0.0,0
2020-07-31 00:00:00+00:00,18.570648193359375,18.570648193359375,18.570648193359375,18.570648193359375,0.0,0.0,0
2020-08-04 00:00:00+00:00,18.570648193359375,18.570648193359375,18.570648193359375,18.570648193359375,0.0,0.0,0
2020-08-05 00:00:00+00:00,18.570648193359375,18.570648193359375,18.570648193359375,18.570648193359375,0.0,0.0,0
2020-08-06 00:00:00+00:00,18.997446060180664,18.997446060180664,18.997446060180664,18.997446060180664,100.0,0.0,0
2020-08-07 00:00:00+00:00,18.997446060180664,18.997446060180664,18.997446060180664,18.997446060180664,0.0,0.0,0
2020-08-10 00:00:00+00:00,19.03714942932129,19.03714942932129,19.03714942932129,19.03714942932129,100.0,0.0,0
2020-08-11 00:00:00+00:00,18.789011001586914,18.789011001586914,18.789011001586914,18.789011001586914,200.0,0.0,0
2020-08-12 00:00:00+00:00,18.789011001586914,18.789011001586914,18.789011001586914,18.789011001586914,0.0,0.0,0
2020-08-13 00:00:00+00:00,18.789011001586914,18.789011001586914,18.789011001586914,18.789011001586914,0.0,0.0,0
2020-08-14 00:00:00+00:00,18.789011001586914,18.789011001586914,18.789011001586914,18.789011001586914,0.0,0.0,0
2020-08-17 00:00:00+00:00,18.789011001586914,18.789011001586914,18.789011001586914,18.789011001586914,0.0,0.0,0
2020-08-18 00:00:00+00:00,18.888267517089844,18.888267517089844,18.888267517089844,18.888267517089844,200.0,0.0,0
2020-08-19 00:00:00+00:00,18.888267517089844,18.888267517089844,18.888267517089844,18.888267517089844,0.0,0.0,0
2020-08-20 00:00:00+00:00,18.888267517089844,18.888267517089844,18.888267517089844,18.888267517089844,0.0,0.0,0
2020-08-21 00:00:00+00:00,18.888267517089844,18.888267517089844,18.888267517089844,18.888267517089844,0.0,0.0,0
2020-08-24 00:00:00+00:00,18.75923347473145,18.75923347473145,18.75923347473145,18.759233474731445,300.0,0.0,0
2020-08-25 00:00:00+00:00,18.75923347473145,18.75923347473145,18.75923347473145,18.759233474731445,0.0,0.0,0
2020-08-26 00:00:00+00:00,18.75923347473145,18.75923347473145,18.75923347473145,18.759233474731445,0.0,0.0,0
2020-08-27 00:00:00+00:00,18.75923347473145,18.75923347473145,18.75923347473145,18.759233474731445,0.0,0.0,0
2020-08-28 00:00:00+00:00,18.75923347473145,18.75923347473145,18.75923347473145,18.759233474731445,0.0,0.0,0
2020-08-31 00:00:00+00:00,18.75923347473145,18.75923347473145,18.75923347473145,18.759233474731445,0.0,0.0,0
2020-09-01 00:00:00+00:00,18.75923347473145,18.75923347473145,18.75923347473145,18.759233474731445,0.0,0.0,0
2020-09-02 00:00:00+00:00,18.888267517089844,18.888267517089844,18.888267517089844,18.888267517089844,800.0,0.0,0
2020-09-03 00:00:00+00:00,18.888267517089844,18.888267517089844,18.888267517089844,18.888267517089844,0.0,0.0,0
2020-09-04 00:00:00+00:00,18.888267517089844,18.888267517089844,18.888267517089844,18.888267517089844,0.0,0.0,0
2020-09-08 00:00:00+00:00,18.888267517089844,18.888267517089844,18.888267517089844,18.888267517089844,0.0,0.0,0
2020-09-09 00:00:00+00:00,18.888267517089844,18.888267517089844,18.888267517089844,18.888267517089844,0.0,0.0,0
2020-09-10 00:00:00+00:00,18.888267517089844,18.888267517089844,18.888267517089844,18.888267517089844,0.0,0.0,0
2020-09-11 00:00:00+00:00,18.888267517089844,18.888267517089844,18.888267517089844,18.888267517089844,0.0,0.0,0
2020-09-14 00:00:00+00:00,18.501169806264315,18.7691593170166,18.501169806264315,18.7691593170166,900.0,0.0,0
2020-09-15 00:00:00+00:00,18.7691593170166,18.7691593170166,18.7691593170166,18.7691593170166,0.0,0.0,0
2020-09-16 00:00:00+00:00,18.76915996192829,18.838638305664062,18.76915996192829,18.838638305664062,1000.0,0.0,0
2020-09-17 00:00:00+00:00,18.779085253702597,18.789011001586914,18.779085253702597,18.789011001586914,400.0,0.0,0
2020-09-18 00:00:00+00:00,18.590499877929688,18.590499877929688,18.590499877929688,18.590499877929688,200.0,0.0,0
2020-09-21 00:00:00+00:00,18.441617965698246,18.441617965698246,18.441617965698246,18.441617965698242,700.0,0.0,0
2020-09-22 00:00:00+00:00,18.521022796630863,18.521022796630863,18.521022796630863,18.52102279663086,1100.0,0.0,0
2020-09-23 00:00:00+00:00,18.33243751525879,18.33243751525879,18.33243751525879,18.33243751525879,300.0,0.0,0
2020-09-24 00:00:00+00:00,18.33243751525879,18.33243751525879,18.33243751525879,18.33243751525879,0.0,0.0,0
2020-09-25 00:00:00+00:00,18.30266189575195,18.30266189575195,18.30266189575195,18.302661895751953,1000.0,0.0,0
2020-09-28 00:00:00+00:00,18.30266189575195,18.30266189575195,18.30266189575195,18.302661895751953,0.0,0.0,0
2020-09-29 00:00:00+00:00,18.30266189575195,18.30266189575195,18.30266189575195,18.302661895751953,0.0,0.0,0
2020-09-30 00:00:00+00:00,18.30266189575195,18.30266189575195,18.30266189575195,18.302661895751953,0.0,0.0,0
2020-10-01 00:00:00+00:00,18.30266189575195,18.30266189575195,18.30266189575195,18.302661895751953,0.0,0.0,0
2020-10-02 00:00:00+00:00,18.30266189575195,18.30266189575195,18.30266189575195,18.302661895751953,0.0,0.0,0
2020-10-05 00:00:00+00:00,18.30266189575195,18.30266189575195,18.30266189575195,18.302661895751953,0.0,0.0,0
2020-10-06 00:00:00+00:00,18.90811729431152,18.90811729431152,18.90811729431152,18.908117294311523,200.0,0.0,0
2020-10-07 00:00:00+00:00,18.90811729431152,18.90811729431152,18.90811729431152,18.908117294311523,0.0,0.0,0
2020-10-08 00:00:00+00:00,18.90811729431152,18.90811729431152,18.90811729431152,18.908117294311523,0.0,0.0,0
2020-10-09 00:00:00+00:00,18.90811729431152,18.90811729431152,18.90811729431152,18.908117294311523,0.0,0.0,0
2020-10-13 00:00:00+00:00,18.90811729431152,18.90811729431152,18.90811729431152,18.908117294311523,0.0,0.0,0
2020-10-14 00:00:00+00:00,18.90811729431152,18.90811729431152,18.90811729431152,18.908117294311523,0.0,0.0,0
2020-10-15 00:00:00+00:00,18.90811729431152,18.90811729431152,18.90811729431152,18.908117294311523,0.0,0.0,0
2020-10-16 00:00:00+00:00,18.90811729431152,18.90811729431152,18.90811729431152,18.908117294311523,0.0,0.0,0
2020-10-19 00:00:00+00:00,19.03714942932129,19.03714942932129,19.03714942932129,19.03714942932129,100.0,0.0,0
2020-10-20 00:00:00+00:00,19.03714942932129,19.03714942932129,19.03714942932129,19.03714942932129,0.0,0.0,0
2020-10-21 00:00:00+00:00,19.03714942932129,19.03714942932129,19.03714942932129,19.03714942932129,0.0,0.0,0
2020-10-22 00:00:00+00:00,19.03714942932129,19.03714942932129,19.03714942932129,19.03714942932129,0.0,0.0,0
2020-10-23 00:00:00+00:00,19.03714942932129,19.03714942932129,19.03714942932129,19.03714942932129,0.0,0.0,0
2020-10-26 00:00:00+00:00,19.0570011138916,19.0570011138916,19.0570011138916,19.0570011138916,200.0,0.0,0
2020-10-27 00:00:00+00:00,19.0570011138916,19.0570011138916,19.0570011138916,19.0570011138916,0.0,0.0,0
2020-10-28 00:00:00+00:00,19.0570011138916,19.0570011138916,19.0570011138916,19.0570011138916,0.0,0.0,0
2020-10-29 00:00:00+00:00,19.0570011138916,19.0570011138916,19.0570011138916,19.0570011138916,0.0,0.0,0
2020-10-30 00:00:00+00:00,18.16370274943148,18.292735583136288,18.16370274943148,18.243106842041016,2300.0,0.0,0
2020-11-02 00:00:00+00:00,18.243106842041016,18.243106842041016,18.243106842041016,18.243106842041016,0.0,0.0,0
2020-11-03 00:00:00+00:00,18.58057403564453,18.58057403564453,18.58057403564453,18.58057403564453,300.0,0.0,0
2020-11-04 00:00:00+00:00,18.88826761095275,18.898193359375,18.88826761095275,18.898193359375,200.0,0.0,0
2020-11-05 00:00:00+00:00,18.898193359375,18.898193359375,18.898193359375,18.898193359375,0.0,0.0,0
2020-11-06 00:00:00+00:00,18.898193359375,18.898193359375,18.898193359375,18.898193359375,0.0,0.0,0
2020-11-09 00:00:00+00:00,19.126480102539066,19.126480102539066,19.126480102539066,19.126480102539062,1500.0,0.0,0
2020-11-10 00:00:00+00:00,19.126480102539066,19.126480102539066,19.126480102539066,19.126480102539062,0.0,0.0,0
2020-11-11 00:00:00+00:00,19.126480102539066,19.126480102539066,19.126480102539066,19.126480102539062,0.0,0.0,0
2020-11-12 00:00:00+00:00,19.126480102539066,19.126480102539066,19.126480102539066,19.126480102539062,0.0,0.0,0
2020-11-13 00:00:00+00:00,19.126480102539066,19.126480102539066,19.126480102539066,19.126480102539062,0.0,0.0,0
2020-11-16 00:00:00+00:00,19.235658645629883,19.235658645629883,19.235658645629883,19.235658645629883,200.0,0.0,0
2020-11-17 00:00:00+00:00,19.235658645629883,19.235658645629883,19.235658645629883,19.235658645629883,0.0,0.0,0
2020-11-18 00:00:00+00:00,19.235658645629883,19.235658645629883,19.235658645629883,19.235658645629883,0.0,0.0,0
2020-11-19 00:00:00+00:00,19.235658645629883,19.235658645629883,19.235658645629883,19.235658645629883,0.0,0.0,0
2020-11-20 00:00:00+00:00,19.235658645629883,19.235658645629883,19.235658645629883,19.235658645629883,0.0,0.0,0
2020-11-23 00:00:00+00:00,19.285287857055664,19.285287857055664,19.285287857055664,19.285287857055664,100.0,0.0,0
2020-11-24 00:00:00+00:00,19.334914893692186,19.334914893692186,19.305139541625977,19.305139541625977,2300.0,0.0,0
2020-11-25 00:00:00+00:00,19.305139541625977,19.305139541625977,19.305139541625977,19.305139541625977,0.0,0.0,0
2020-11-26 00:00:00+00:00,19.305139541625977,19.305139541625977,19.305139541625977,19.305139541625977,0.0,0.0,0
2020-11-27 00:00:00+00:00,19.13640594482422,19.13640594482422,19.13640594482422,19.13640594482422,200.0,0.0,0
2020-11-30 00:00:00+00:00,19.13640594482422,19.13640594482422,19.13640594482422,19.13640594482422,0.0,0.0,0
2020-12-01 00:00:00+00:00,19.13640594482422,19.13640594482422,19.13640594482422,19.13640594482422,0.0,0.0,0
2020-12-02 00:00:00+00:00,19.13640594482422,19.13640594482422,19.13640594482422,19.13640594482422,400.0,0.0,0
2020-12-03 00:00:00+00:00,19.25551033020019,19.25551033020019,19.25551033020019,19.255510330200195,1000.0,0.0,0
2020-12-04 00:00:00+00:00,19.176105499267578,19.176105499267578,19.176105499267578,19.176105499267578,900.0,0.0,0
2020-12-07 00:00:00+00:00,19.126480102539066,19.126480102539066,19.126480102539066,19.126480102539062,200.0,0.0,0
2020-12-08 00:00:00+00:00,19.126480102539066,19.126480102539066,19.126480102539066,19.126480102539062,0.0,0.0,0
2020-12-09 00:00:00+00:00,19.126480102539066,19.126480102539066,19.126480102539066,19.126480102539062,0.0,0.0,0
2020-12-10 00:00:00+00:00,19.126480102539066,19.126480102539066,19.126480102539066,19.126480102539062,0.0,0.0,0
2020-12-11 00:00:00+00:00,19.126480102539066,19.126480102539066,19.126480102539066,19.126480102539062,0.0,0.0,0
2020-12-14 00:00:00+00:00,19.126480102539066,19.126480102539066,19.126480102539066,19.126480102539062,0.0,0.0,0
2020-12-15 00:00:00+00:00,19.076850717141163,19.076850717141163,19.0570011138916,19.0570011138916,5400.0,0.0,0
2020-12-16 00:00:00+00:00,19.0570011138916,19.0570011138916,19.0570011138916,19.0570011138916,0.0,0.0,0
2020-12-17 00:00:00+00:00,19.0570011138916,19.0570011138916,19.0570011138916,19.0570011138916,0.0,0.0,0
2020-12-18 00:00:00+00:00,19.0570011138916,19.0570011138916,19.0570011138916,19.0570011138916,0.0,0.0,0
2020-12-21 00:00:00+00:00,19.200000762939453,19.200000762939453,19.200000762939453,19.200000762939453,0.0,0.143,0
2020-12-22 00:00:00+00:00,19.459999084472656,19.459999084472656,19.459999084472656,19.459999084472656,200.0,0.0,0
2020-12-23 00:00:00+00:00,19.280000686645508,19.530000686645508,19.280000686645508,19.530000686645508,2700.0,0.0,0
2020-12-24 00:00:00+00:00,19.530000686645508,19.530000686645508,19.530000686645508,19.530000686645508,0.0,0.0,0
2020-12-29 00:00:00+00:00,19.530000686645508,19.530000686645508,19.530000686645508,19.530000686645508,0.0,0.0,0
2020-12-30 00:00:00+00:00,19.530000686645508,19.530000686645508,19.530000686645508,19.530000686645508,0.0,0.0,0
2020-12-31 00:00:00+00:00,19.530000686645508,19.530000686645508,19.530000686645508,19.530000686645508,0.0,0.0,0
2021-01-04 00:00:00+00:00,19.350000381469727,19.350000381469727,19.350000381469727,19.350000381469727,200.0,0.0,0
2021-01-05 00:00:00+00:00,19.350000381469727,19.350000381469727,19.350000381469727,19.350000381469727,0.0,0.0,0
2021-01-06 00:00:00+00:00,19.350000381469727,19.350000381469727,19.350000381469727,19.350000381469727,0.0,0.0,0
2021-01-07 00:00:00+00:00,19.350000381469727,19.350000381469727,19.350000381469727,19.350000381469727,0.0,0.0,0
2021-01-08 00:00:00+00:00,19.350000381469727,19.350000381469727,19.350000381469727,19.350000381469727,0.0,0.0,0
2021-01-11 00:00:00+00:00,19.350000381469727,19.350000381469727,19.350000381469727,19.350000381469727,0.0,0.0,0
2021-01-12 00:00:00+00:00,19.350000381469727,19.350000381469727,19.350000381469727,19.350000381469727,0.0,0.0,0
2021-01-13 00:00:00+00:00,19.350000381469727,19.350000381469727,19.350000381469727,19.350000381469727,0.0,0.0,0
2021-01-14 00:00:00+00:00,19.40999984741211,19.40999984741211,19.40999984741211,19.40999984741211,200.0,0.0,0
2021-01-15 00:00:00+00:00,19.360000610351562,19.360000610351562,19.360000610351562,19.360000610351562,600.0,0.0,0
2021-01-18 00:00:00+00:00,19.309999465942383,19.309999465942383,19.309999465942383,19.309999465942383,100.0,0.0,0
2021-01-19 00:00:00+00:00,19.309999465942383,19.309999465942383,19.309999465942383,19.309999465942383,0.0,0.0,0
2021-01-20 00:00:00+00:00,19.309999465942383,19.309999465942383,19.309999465942383,19.309999465942383,0.0,0.0,0
2021-01-21 00:00:00+00:00,19.479999542236328,19.479999542236328,19.479999542236328,19.479999542236328,1200.0,0.0,0
2021-01-22 00:00:00+00:00,19.420000076293945,19.530000686645508,19.420000076293945,19.43000030517578,3600.0,0.0,0
2021-01-25 00:00:00+00:00,19.56999969482422,19.56999969482422,19.56999969482422,19.56999969482422,500.0,0.0,0
2021-01-26 00:00:00+00:00,19.59000015258789,19.600000381469727,19.530000686645508,19.540000915527344,2100.0,0.0,0
2021-01-27 00:00:00+00:00,19.329999923706055,19.329999923706055,19.299999237060547,19.299999237060547,1400.0,0.0,0
2021-01-28 00:00:00+00:00,19.329999923706055,19.489999771118164,19.329999923706055,19.489999771118164,1500.0,0.0,0
2021-01-29 00:00:00+00:00,19.31999969482422,19.3799991607666,19.290000915527344,19.290000915527344,1100.0,0.0,0
2021-02-01 00:00:00+00:00,19.469999313354492,19.469999313354492,19.420000076293945,19.459999084472656,2300.0,0.0,0
2021-02-02 00:00:00+00:00,19.549999237060547,19.579999923706055,19.549999237060547,19.579999923706055,2100.0,0.0,0
2021-02-03 00:00:00+00:00,19.5,19.59000015258789,19.5,19.5,2100.0,0.0,0
2021-02-04 00:00:00+00:00,19.6299991607666,19.639999389648438,19.610000610351562,19.610000610351562,1900.0,0.0,0
2021-02-05 00:00:00+00:00,19.6299991607666,19.739999771118164,19.6299991607666,19.739999771118164,1500.0,0.0,0
2021-02-08 00:00:00+00:00,19.709999084472656,19.799999237060547,19.700000762939453,19.799999237060547,2500.0,0.0,0
2021-02-09 00:00:00+00:00,19.799999237060547,19.799999237060547,19.709999084472656,19.709999084472656,4700.0,0.0,0
2021-02-10 00:00:00+00:00,19.709999084472656,19.709999084472656,19.709999084472656,19.709999084472656,0.0,0.0,0
2021-02-11 00:00:00+00:00,19.829999923706055,19.8700008392334,19.75,19.75,900.0,0.0,0
2021-02-12 00:00:00+00:00,19.739999771118164,19.829999923706055,19.719999313354492,19.719999313354492,2500.0,0.0,0
2021-02-16 00:00:00+00:00,19.739999771118164,19.760000228881836,19.739999771118164,19.760000228881836,3300.0,0.0,0
2021-02-17 00:00:00+00:00,19.760000228881836,19.760000228881836,19.760000228881836,19.760000228881836,0.0,0.0,0
2021-02-18 00:00:00+00:00,19.579999923706055,19.59000015258789,19.5,19.5,1900.0,0.0,0
2021-02-19 00:00:00+00:00,19.5,19.5,19.5,19.5,0.0,0.0,0
2021-02-22 00:00:00+00:00,19.489999771118164,19.489999771118164,19.489999771118164,19.489999771118164,200.0,0.0,0
2021-02-23 00:00:00+00:00,19.440000534057617,19.440000534057617,19.440000534057617,19.440000534057617,200.0,0.0,0
2021-02-24 00:00:00+00:00,19.209999084472656,19.309999465942383,19.209999084472656,19.309999465942383,2600.0,0.0,0
2021-02-25 00:00:00+00:00,19.280000686645508,19.280000686645508,19.280000686645508,19.280000686645508,200.0,0.0,0
2021-02-26 00:00:00+00:00,19.200000762939453,19.200000762939453,19.190000534057617,19.190000534057617,300.0,0.0,0
2021-03-01 00:00:00+00:00,19.270000457763672,19.270000457763672,19.270000457763672,19.270000457763672,200.0,0.0,0
2021-03-02 00:00:00+00:00,19.270000457763672,19.270000457763672,19.270000457763672,19.270000457763672,0.0,0.0,0
2021-03-03 00:00:00+00:00,19.18000030517578,19.18000030517578,19.18000030517578,19.18000030517578,200.0,0.0,0
2021-03-04 00:00:00+00:00,19.020000457763672,19.020000457763672,19.020000457763672,19.020000457763672,200.0,0.0,0
2021-03-05 00:00:00+00:00,19.020000457763672,19.020000457763672,19.020000457763672,19.020000457763672,0.0,0.0,0
2021-03-08 00:00:00+00:00,19.040000915527344,19.040000915527344,19.040000915527344,19.040000915527344,400.0,0.0,0
2021-03-09 00:00:00+00:00,19.040000915527344,19.040000915527344,19.040000915527344,19.040000915527344,0.0,0.0,0
2021-03-10 00:00:00+00:00,19.040000915527344,19.040000915527344,19.040000915527344,19.040000915527344,0.0,0.0,0
2021-03-11 00:00:00+00:00,19.200000762939453,19.280000686645508,19.200000762939453,19.25,600.0,0.0,0
2021-03-12 00:00:00+00:00,19.25,19.25,19.25,19.25,0.0,0.0,0
2021-03-15 00:00:00+00:00,19.25,19.25,19.25,19.25,0.0,0.0,0
2021-03-16 00:00:00+00:00,19.200000762939453,19.270000457763672,19.200000762939453,19.270000457763672,700.0,0.0,0
2021-03-17 00:00:00+00:00,19.270000457763672,19.270000457763672,19.270000457763672,19.270000457763672,0.0,0.0,0
2021-03-18 00:00:00+00:00,19.270000457763672,19.270000457763672,19.270000457763672,19.270000457763672,0.0,0.0,0
